1000, 1001
1, 2
2, 3
3, 4
4, 5
5, 6
6, 7
7, 8
8, 9
9, 10
10, 11
11, 12
12, 13
13, 14
14, 15
15, 16
16, 17
17, 18
18, 19
19, 20
20, 21
21, 22
22, 23
23, 24
24, 25
25, 26
26, 27
27, 28
28, 29
29, 30
30, 31
31, 32
32, 33
33, 34
34, 35
35, 36
36, 37
37, 38
38, 39
39, 40
40, 41
41, 42
42, 43
43, 44
44, 45
45, 46
46, 47
47, 48
48, 49
49, 50
50, 51
51, 52
52, 53
53, 54
54, 55
55, 56
56, 57
57, 58
58, 59
59, 60
60, 61
61, 62
62, 63
63, 64
64, 65
65, 66
66, 67
67, 68
68, 69
69, 70
70, 71
71, 72
72, 73
73, 74
74, 75
75, 76
76, 77
77, 78
78, 79
79, 80
80, 81
81, 82
82, 83
83, 84
84, 85
85, 86
86, 87
87, 88
88, 89
89, 90
90, 91
91, 92
92, 93
93, 94
94, 95
95, 96
96, 97
97, 98
98, 99
99, 100
100, 101
101, 102
102, 103
103, 104
104, 105
105, 106
106, 107
107, 108
108, 109
109, 110
110, 111
111, 112
112, 113
113, 114
114, 115
115, 116
116, 117
117, 118
118, 119
119, 120
120, 121
121, 122
122, 123
123, 124
124, 125
125, 126
126, 127
127, 128
128, 129
129, 130
130, 131
131, 132
132, 133
133, 134
134, 135
135, 136
136, 137
137, 138
138, 139
139, 140
140, 141
141, 142
142, 143
143, 144
144, 145
145, 146
146, 147
147, 148
148, 149
149, 150
150, 151
151, 152
152, 153
153, 154
154, 155
155, 156
156, 157
157, 158
158, 159
159, 160
160, 161
161, 162
162, 163
163, 164
164, 165
165, 166
166, 167
167, 168
168, 169
169, 170
170, 171
171, 172
172, 173
173, 174
174, 175
175, 176
176, 177
177, 178
178, 179
179, 180
180, 181
181, 182
182, 183
183, 184
184, 185
185, 186
186, 187
187, 188
188, 189
189, 190
190, 191
191, 192
192, 193
193, 194
194, 195
195, 196
196, 197
197, 198
198, 199
199, 200
200, 201
201, 202
202, 203
203, 204
204, 205
205, 206
206, 207
207, 208
208, 209
209, 210
210, 211
211, 212
212, 213
213, 214
214, 215
215, 216
216, 217
217, 218
218, 219
219, 220
220, 221
221, 222
222, 223
223, 224
224, 225
225, 226
226, 227
227, 228
228, 229
229, 230
230, 231
231, 232
232, 233
233, 234
234, 235
235, 236
236, 237
237, 238
238, 239
239, 240
240, 241
241, 242
242, 243
243, 244
244, 245
245, 246
246, 247
247, 248
248, 249
249, 250
250, 251
251, 252
252, 253
253, 254
254, 255
255, 256
256, 257
257, 258
258, 259
259, 260
260, 261
261, 262
262, 263
263, 264
264, 265
265, 266
266, 267
267, 268
268, 269
269, 270
270, 271
271, 272
272, 273
273, 274
274, 275
275, 276
276, 277
277, 278
278, 279
279, 280
280, 281
281, 282
282, 283
283, 284
284, 285
285, 286
286, 287
287, 288
288, 289
289, 290
290, 291
291, 292
292, 293
293, 294
294, 295
295, 296
296, 297
297, 298
298, 299
299, 300
300, 301
301, 302
302, 303
303, 304
304, 305
305, 306
306, 307
307, 308
308, 309
309, 310
310, 311
311, 312
312, 313
313, 314
314, 315
315, 316
316, 317
317, 318
318, 319
319, 320
320, 321
321, 322
322, 323
323, 324
324, 325
325, 326
326, 327
327, 328
328, 329
329, 330
330, 331
331, 332
332, 333
333, 334
334, 335
335, 336
336, 337
337, 338
338, 339
339, 340
340, 341
341, 342
342, 343
343, 344
344, 345
345, 346
346, 347
347, 348
348, 349
349, 350
350, 351
351, 352
352, 353
353, 354
354, 355
355, 356
356, 357
357, 358
358, 359
359, 360
360, 361
361, 362
362, 363
363, 364
364, 365
365, 366
366, 367
367, 368
368, 369
369, 370
370, 371
371, 372
372, 373
373, 374
374, 375
375, 376
376, 377
377, 378
378, 379
379, 380
380, 381
381, 382
382, 383
383, 384
384, 385
385, 386
386, 387
387, 388
388, 389
389, 390
390, 391
391, 392
392, 393
393, 394
394, 395
395, 396
396, 397
397, 398
398, 399
399, 400
400, 401
401, 402
402, 403
403, 404
404, 405
405, 406
406, 407
407, 408
408, 409
409, 410
410, 411
411, 412
412, 413
413, 414
414, 415
415, 416
416, 417
417, 418
418, 419
419, 420
420, 421
421, 422
422, 423
423, 424
424, 425
425, 426
426, 427
427, 428
428, 429
429, 430
430, 431
431, 432
432, 433
433, 434
434, 435
435, 436
436, 437
437, 438
438, 439
439, 440
440, 441
441, 442
442, 443
443, 444
444, 445
445, 446
446, 447
447, 448
448, 449
449, 450
450, 451
451, 452
452, 453
453, 454
454, 455
455, 456
456, 457
457, 458
458, 459
459, 460
460, 461
461, 462
462, 463
463, 464
464, 465
465, 466
466, 467
467, 468
468, 469
469, 470
470, 471
471, 472
472, 473
473, 474
474, 475
475, 476
476, 477
477, 478
478, 479
479, 480
480, 481
481, 482
482, 483
483, 484
484, 485
485, 486
486, 487
487, 488
488, 489
489, 490
490, 491
491, 492
492, 493
493, 494
494, 495
495, 496
496, 497
497, 498
498, 499
499, 500
500, 501
501, 502
502, 503
503, 504
504, 505
505, 506
506, 507
507, 508
508, 509
509, 510
510, 511
511, 512
512, 513
513, 514
514, 515
515, 516
516, 517
517, 518
518, 519
519, 520
520, 521
521, 522
522, 523
523, 524
524, 525
525, 526
526, 527
527, 528
528, 529
529, 530
530, 531
531, 532
532, 533
533, 534
534, 535
535, 536
536, 537
537, 538
538, 539
539, 540
540, 541
541, 542
542, 543
543, 544
544, 545
545, 546
546, 547
547, 548
548, 549
549, 550
550, 551
551, 552
552, 553
553, 554
554, 555
555, 556
556, 557
557, 558
558, 559
559, 560
560, 561
561, 562
562, 563
563, 564
564, 565
565, 566
566, 567
567, 568
568, 569
569, 570
570, 571
571, 572
572, 573
573, 574
574, 575
575, 576
576, 577
577, 578
578, 579
579, 580
580, 581
581, 582
582, 583
583, 584
584, 585
585, 586
586, 587
587, 588
588, 589
589, 590
590, 591
591, 592
592, 593
593, 594
594, 595
595, 596
596, 597
597, 598
598, 599
599, 600
600, 601
601, 602
602, 603
603, 604
604, 605
605, 606
606, 607
607, 608
608, 609
609, 610
610, 611
611, 612
612, 613
613, 614
614, 615
615, 616
616, 617
617, 618
618, 619
619, 620
620, 621
621, 622
622, 623
623, 624
624, 625
625, 626
626, 627
627, 628
628, 629
629, 630
630, 631
631, 632
632, 633
633, 634
634, 635
635, 636
636, 637
637, 638
638, 639
639, 640
640, 641
641, 642
642, 643
643, 644
644, 645
645, 646
646, 647
647, 648
648, 649
649, 650
650, 651
651, 652
652, 653
653, 654
654, 655
655, 656
656, 657
657, 658
658, 659
659, 660
660, 661
661, 662
662, 663
663, 664
664, 665
665, 666
666, 667
667, 668
668, 669
669, 670
670, 671
671, 672
672, 673
673, 674
674, 675
675, 676
676, 677
677, 678
678, 679
679, 680
680, 681
681, 682
682, 683
683, 684
684, 685
685, 686
686, 687
687, 688
688, 689
689, 690
690, 691
691, 692
692, 693
693, 694
694, 695
695, 696
696, 697
697, 698
698, 699
699, 700
700, 701
701, 702
702, 703
703, 704
704, 705
705, 706
706, 707
707, 708
708, 709
709, 710
710, 711
711, 712
712, 713
713, 714
714, 715
715, 716
716, 717
717, 718
718, 719
719, 720
720, 721
721, 722
722, 723
723, 724
724, 725
725, 726
726, 727
727, 728
728, 729
729, 730
730, 731
731, 732
732, 733
733, 734
734, 735
735, 736
736, 737
737, 738
738, 739
739, 740
740, 741
741, 742
742, 743
743, 744
744, 745
745, 746
746, 747
747, 748
748, 749
749, 750
750, 751
751, 752
752, 753
753, 754
754, 755
755, 756
756, 757
757, 758
758, 759
759, 760
760, 761
761, 762
762, 763
763, 764
764, 765
765, 766
766, 767
767, 768
768, 769
769, 770
770, 771
771, 772
772, 773
773, 774
774, 775
775, 776
776, 777
777, 778
778, 779
779, 780
780, 781
781, 782
782, 783
783, 784
784, 785
785, 786
786, 787
787, 788
788, 789
789, 790
790, 791
791, 792
792, 793
793, 794
794, 795
795, 796
796, 797
797, 798
798, 799
799, 800
800, 801
801, 802
802, 803
803, 804
804, 805
805, 806
806, 807
807, 808
808, 809
809, 810
810, 811
811, 812
812, 813
813, 814
814, 815
815, 816
816, 817
817, 818
818, 819
819, 820
820, 821
821, 822
822, 823
823, 824
824, 825
825, 826
826, 827
827, 828
828, 829
829, 830
830, 831
831, 832
832, 833
833, 834
834, 835
835, 836
836, 837
837, 838
838, 839
839, 840
840, 841
841, 842
842, 843
843, 844
844, 845
845, 846
846, 847
847, 848
848, 849
849, 850
850, 851
851, 852
852, 853
853, 854
854, 855
855, 856
856, 857
857, 858
858, 859
859, 860
860, 861
861, 862
862, 863
863, 864
864, 865
865, 866
866, 867
867, 868
868, 869
869, 870
870, 871
871, 872
872, 873
873, 874
874, 875
875, 876
876, 877
877, 878
878, 879
879, 880
880, 881
881, 882
882, 883
883, 884
884, 885
885, 886
886, 887
887, 888
888, 889
889, 890
890, 891
891, 892
892, 893
893, 894
894, 895
895, 896
896, 897
897, 898
898, 899
899, 900
900, 901
901, 902
902, 903
903, 904
904, 905
905, 906
906, 907
907, 908
908, 909
909, 910
910, 911
911, 912
912, 913
913, 914
914, 915
915, 916
916, 917
917, 918
918, 919
919, 920
920, 921
921, 922
922, 923
923, 924
924, 925
925, 926
926, 927
927, 928
928, 929
929, 930
930, 931
931, 932
932, 933
933, 934
934, 935
935, 936
936, 937
937, 938
938, 939
939, 940
940, 941
941, 942
942, 943
943, 944
944, 945
945, 946
946, 947
947, 948
948, 949
949, 950
950, 951
951, 952
952, 953
953, 954
954, 955
955, 956
956, 957
957, 958
958, 959
959, 960
960, 961
961, 962
962, 963
963, 964
964, 965
965, 966
966, 967
967, 968
968, 969
969, 970
970, 971
971, 972
972, 973
973, 974
974, 975
975, 976
976, 977
977, 978
978, 979
979, 980
980, 981
981, 982
982, 983
983, 984
984, 985
985, 986
986, 987
987, 988
988, 989
989, 990
990, 991
991, 992
992, 993
993, 994
994, 995
995, 996
996, 997
997, 998
998, 999
999, 1000
1000, 1001
1, 1
1, 2
1, 3
2, 3
3, 1
3, 2
3, 3
4, 3
5, 1
5, 2
5, 3
6, 3
7, 1
7, 2
7, 3
8, 3
9, 1
9, 2
9, 3
10, 3
11, 1
11, 2
11, 3
12, 3
13, 1
13, 2
13, 3
14, 3
15, 1
15, 2
15, 3
16, 3
17, 1
17, 2
17, 3
18, 3
19, 1
19, 2
19, 3
20, 3
21, 1
21, 2
21, 3
22, 3
23, 1
23, 2
23, 3
24, 3
25, 1
25, 2
25, 3
26, 3
27, 1
27, 2
27, 3
28, 3
29, 1
29, 2
29, 3
30, 3
31, 1
31, 2
31, 3
32, 3
33, 1
33, 2
33, 3
34, 3
35, 1
35, 2
35, 3
36, 3
37, 1
37, 2
37, 3
38, 3
39, 1
39, 2
39, 3
40, 3
41, 1
41, 2
41, 3
42, 3
43, 1
43, 2
43, 3
44, 3
45, 1
45, 2
45, 3
46, 3
47, 1
47, 2
47, 3
48, 3
49, 1
49, 2
49, 3
50, 3
51, 1
51, 2
51, 3
52, 3
53, 1
53, 2
53, 3
54, 3
55, 1
55, 2
55, 3
56, 3
57, 1
57, 2
57, 3
58, 3
59, 1
59, 2
59, 3
60, 3
61, 1
61, 2
61, 3
62, 3
63, 1
63, 2
63, 3
64, 3
65, 1
65, 2
65, 3
66, 3
67, 1
67, 2
67, 3
68, 3
69, 1
69, 2
69, 3
70, 3
71, 1
71, 2
71, 3
72, 3
73, 1
73, 2
73, 3
74, 3
75, 1
75, 2
75, 3
76, 3
77, 1
77, 2
77, 3
78, 3
79, 1
79, 2
79, 3
80, 3
81, 1
81, 2
81, 3
82, 3
83, 1
83, 2
83, 3
84, 3
85, 1
85, 2
85, 3
86, 3
87, 1
87, 2
87, 3
88, 3
89, 1
89, 2
89, 3
90, 3
91, 1
91, 2
91, 3
92, 3
93, 1
93, 2
93, 3
94, 3
95, 1
95, 2
95, 3
96, 3
97, 1
97, 2
97, 3
98, 3
99, 1
99, 2
99, 3
100, 3
101, 1
101, 2
101, 3
102, 3
103, 1
103, 2
103, 3
104, 3
105, 1
105, 2
105, 3
106, 3
107, 1
107, 2
107, 3
108, 3
109, 1
109, 2
109, 3
110, 3
111, 1
111, 2
111, 3
112, 3
113, 1
113, 2
113, 3
114, 3
115, 1
115, 2
115, 3
116, 3
117, 1
117, 2
117, 3
118, 3
119, 1
119, 2
119, 3
120, 3
121, 1
121, 2
121, 3
122, 3
123, 1
123, 2
123, 3
124, 3
125, 1
125, 2
125, 3
126, 3
127, 1
127, 2
127, 3
128, 3
129, 1
129, 2
129, 3
130, 3
131, 1
131, 2
131, 3
132, 3
133, 1
133, 2
133, 3
134, 3
135, 1
135, 2
135, 3
136, 3
137, 1
137, 2
137, 3
138, 3
139, 1
139, 2
139, 3
140, 3
141, 1
141, 2
141, 3
142, 3
143, 1
143, 2
143, 3
144, 3
145, 1
145, 2
145, 3
146, 3
147, 1
147, 2
147, 3
148, 3
149, 1
149, 2
149, 3
150, 3
151, 1
151, 2
151, 3
152, 3
153, 1
153, 2
153, 3
154, 3
155, 1
155, 2
155, 3
156, 3
157, 1
157, 2
157, 3
158, 3
159, 1
159, 2
159, 3
160, 3
161, 1
161, 2
161, 3
162, 3
163, 1
163, 2
163, 3
164, 3
165, 1
165, 2
165, 3
166, 3
167, 1
167, 2
167, 3
168, 3
169, 1
169, 2
169, 3
170, 3
171, 1
171, 2
171, 3
172, 3
173, 1
173, 2
173, 3
174, 3
175, 1
175, 2
175, 3
176, 3
177, 1
177, 2
177, 3
178, 3
179, 1
179, 2
179, 3
180, 3
181, 1
181, 2
181, 3
182, 3
183, 1
183, 2
183, 3
184, 3
185, 1
185, 2
185, 3
186, 3
187, 1
187, 2
187, 3
188, 3
189, 1
189, 2
189, 3
190, 3
191, 1
191, 2
191, 3
192, 3
193, 1
193, 2
193, 3
194, 3
195, 1
195, 2
195, 3
196, 3
197, 1
197, 2
197, 3
198, 3
199, 1
199, 2
199, 3
200, 3
201, 1
201, 2
201, 3
202, 3
203, 1
203, 2
203, 3
204, 3
205, 1
205, 2
205, 3
206, 3
207, 1
207, 2
207, 3
208, 3
209, 1
209, 2
209, 3
210, 3
211, 1
211, 2
211, 3
212, 3
213, 1
213, 2
213, 3
214, 3
215, 1
215, 2
215, 3
216, 3
217, 1
217, 2
217, 3
218, 3
219, 1
219, 2
219, 3
220, 3
221, 1
221, 2
221, 3
222, 3
223, 1
223, 2
223, 3
224, 3
225, 1
225, 2
225, 3
226, 3
227, 1
227, 2
227, 3
228, 3
229, 1
229, 2
229, 3
230, 3
231, 1
231, 2
231, 3
232, 3
233, 1
233, 2
233, 3
234, 3
235, 1
235, 2
235, 3
236, 3
237, 1
237, 2
237, 3
238, 3
239, 1
239, 2
239, 3
240, 3
241, 1
241, 2
241, 3
242, 3
243, 1
243, 2
243, 3
244, 3
245, 1
245, 2
245, 3
246, 3
247, 1
247, 2
247, 3
248, 3
249, 1
249, 2
249, 3
250, 3
251, 1
251, 2
251, 3
252, 3
253, 1
253, 2
253, 3
254, 3
255, 1
255, 2
255, 3
256, 3
257, 1
257, 2
257, 3
258, 3
259, 1
259, 2
259, 3
260, 3
261, 1
261, 2
261, 3
262, 3
263, 1
263, 2
263, 3
264, 3
265, 1
265, 2
265, 3
266, 3
267, 1
267, 2
267, 3
268, 3
269, 1
269, 2
269, 3
270, 3
271, 1
271, 2
271, 3
272, 3
273, 1
273, 2
273, 3
274, 3
275, 1
275, 2
275, 3
276, 3
277, 1
277, 2
277, 3
278, 3
279, 1
279, 2
279, 3
280, 3
281, 1
281, 2
281, 3
282, 3
283, 1
283, 2
283, 3
284, 3
285, 1
285, 2
285, 3
286, 3
287, 1
287, 2
287, 3
288, 3
289, 1
289, 2
289, 3
290, 3
291, 1
291, 2
291, 3
292, 3
293, 1
293, 2
293, 3
294, 3
295, 1
295, 2
295, 3
296, 3
297, 1
297, 2
297, 3
298, 3
299, 1
299, 2
299, 3
300, 3
301, 1
301, 2
301, 3
302, 3
303, 1
303, 2
303, 3
304, 3
305, 1
305, 2
305, 3
306, 3
307, 1
307, 2
307, 3
308, 3
309, 1
309, 2
309, 3
310, 3
311, 1
311, 2
311, 3
312, 3
313, 1
313, 2
313, 3
314, 3
315, 1
315, 2
315, 3
316, 3
317, 1
317, 2
317, 3
318, 3
319, 1
319, 2
319, 3
320, 3
321, 1
321, 2
321, 3
322, 3
323, 1
323, 2
323, 3
324, 3
325, 1
325, 2
325, 3
326, 3
327, 1
327, 2
327, 3
328, 3
329, 1
329, 2
329, 3
330, 3
331, 1
331, 2
331, 3
332, 3
333, 1
333, 2
333, 3
334, 3
335, 1
335, 2
335, 3
336, 3
337, 1
337, 2
337, 3
338, 3
339, 1
339, 2
339, 3
340, 3
341, 1
341, 2
341, 3
342, 3
343, 1
343, 2
343, 3
344, 3
345, 1
345, 2
345, 3
346, 3
347, 1
347, 2
347, 3
348, 3
349, 1
349, 2
349, 3
350, 3
351, 1
351, 2
351, 3
352, 3
353, 1
353, 2
353, 3
354, 3
355, 1
355, 2
355, 3
356, 3
357, 1
357, 2
357, 3
358, 3
359, 1
359, 2
359, 3
360, 3
361, 1
361, 2
361, 3
362, 3
363, 1
363, 2
363, 3
364, 3
365, 1
365, 2
365, 3
366, 3
367, 1
367, 2
367, 3
368, 3
369, 1
369, 2
369, 3
370, 3
371, 1
371, 2
371, 3
372, 3
373, 1
373, 2
373, 3
374, 3
375, 1
375, 2
375, 3
376, 3
377, 1
377, 2
377, 3
378, 3
379, 1
379, 2
379, 3
380, 3
381, 1
381, 2
381, 3
382, 3
383, 1
383, 2
383, 3
384, 3
385, 1
385, 2
385, 3
386, 3
387, 1
387, 2
387, 3
388, 3
389, 1
389, 2
389, 3
390, 3
391, 1
391, 2
391, 3
392, 3
393, 1
393, 2
393, 3
394, 3
395, 1
395, 2
395, 3
396, 3
397, 1
397, 2
397, 3
398, 3
399, 1
399, 2
399, 3
400, 3
401, 1
401, 2
401, 3
402, 3
403, 1
403, 2
403, 3
404, 3
405, 1
405, 2
405, 3
406, 3
407, 1
407, 2
407, 3
408, 3
409, 1
409, 2
409, 3
410, 3
411, 1
411, 2
411, 3
412, 3
413, 1
413, 2
413, 3
414, 3
415, 1
415, 2
415, 3
416, 3
417, 1
417, 2
417, 3
418, 3
419, 1
419, 2
419, 3
420, 3
421, 1
421, 2
421, 3
422, 3
423, 1
423, 2
423, 3
424, 3
425, 1
425, 2
425, 3
426, 3
427, 1
427, 2
427, 3
428, 3
429, 1
429, 2
429, 3
430, 3
431, 1
431, 2
431, 3
432, 3
433, 1
433, 2
433, 3
434, 3
435, 1
435, 2
435, 3
436, 3
437, 1
437, 2
437, 3
438, 3
439, 1
439, 2
439, 3
440, 3
441, 1
441, 2
441, 3
442, 3
443, 1
443, 2
443, 3
444, 3
445, 1
445, 2
445, 3
446, 3
447, 1
447, 2
447, 3
448, 3
449, 1
449, 2
449, 3
450, 3
451, 1
451, 2
451, 3
452, 3
453, 1
453, 2
453, 3
454, 3
455, 1
455, 2
455, 3
456, 3
457, 1
457, 2
457, 3
458, 3
459, 1
459, 2
459, 3
460, 3
461, 1
461, 2
461, 3
462, 3
463, 1
463, 2
463, 3
464, 3
465, 1
465, 2
465, 3
466, 3
467, 1
467, 2
467, 3
468, 3
469, 1
469, 2
469, 3
470, 3
471, 1
471, 2
471, 3
472, 3
473, 1
473, 2
473, 3
474, 3
475, 1
475, 2
475, 3
476, 3
477, 1
477, 2
477, 3
478, 3
479, 1
479, 2
479, 3
480, 3
481, 1
481, 2
481, 3
482, 3
483, 1
483, 2
483, 3
484, 3
485, 1
485, 2
485, 3
486, 3
487, 1
487, 2
487, 3
488, 3
489, 1
489, 2
489, 3
490, 3
491, 1
491, 2
491, 3
492, 3
493, 1
493, 2
493, 3
494, 3
495, 1
495, 2
495, 3
496, 3
497, 1
497, 2
497, 3
498, 3
499, 1
499, 2
499, 3
500, 3
501, 1
501, 2
501, 3
502, 3
503, 1
503, 2
503, 3
504, 3
505, 1
505, 2
505, 3
506, 3
507, 1
507, 2
507, 3
508, 3
509, 1
509, 2
509, 3
510, 3
511, 1
511, 2
511, 3
512, 3
513, 1
513, 2
513, 3
514, 3
515, 1
515, 2
515, 3
516, 3
517, 1
517, 2
517, 3
518, 3
519, 1
519, 2
519, 3
520, 3
521, 1
521, 2
521, 3
522, 3
523, 1
523, 2
523, 3
524, 3
525, 1
525, 2
525, 3
526, 3
527, 1
527, 2
527, 3
528, 3
529, 1
529, 2
529, 3
530, 3
531, 1
531, 2
531, 3
532, 3
533, 1
533, 2
533, 3
534, 3
535, 1
535, 2
535, 3
536, 3
537, 1
537, 2
537, 3
538, 3
539, 1
539, 2
539, 3
540, 3
541, 1
541, 2
541, 3
542, 3
543, 1
543, 2
543, 3
544, 3
545, 1
545, 2
545, 3
546, 3
547, 1
547, 2
547, 3
548, 3
549, 1
549, 2
549, 3
550, 3
551, 1
551, 2
551, 3
552, 3
553, 1
553, 2
553, 3
554, 3
555, 1
555, 2
555, 3
556, 3
557, 1
557, 2
557, 3
558, 3
559, 1
559, 2
559, 3
560, 3
561, 1
561, 2
561, 3
562, 3
563, 1
563, 2
563, 3
564, 3
565, 1
565, 2
565, 3
566, 3
567, 1
567, 2
567, 3
568, 3
569, 1
569, 2
569, 3
570, 3
571, 1
571, 2
571, 3
572, 3
573, 1
573, 2
573, 3
574, 3
575, 1
575, 2
575, 3
576, 3
577, 1
577, 2
577, 3
578, 3
579, 1
579, 2
579, 3
580, 3
581, 1
581, 2
581, 3
582, 3
583, 1
583, 2
583, 3
584, 3
585, 1
585, 2
585, 3
586, 3
587, 1
587, 2
587, 3
588, 3
589, 1
589, 2
589, 3
590, 3
591, 1
591, 2
591, 3
592, 3
593, 1
593, 2
593, 3
594, 3
595, 1
595, 2
595, 3
596, 3
597, 1
597, 2
597, 3
598, 3
599, 1
599, 2
599, 3
600, 3
601, 1
601, 2
601, 3
602, 3
603, 1
603, 2
603, 3
604, 3
605, 1
605, 2
605, 3
606, 3
607, 1
607, 2
607, 3
608, 3
609, 1
609, 2
609, 3
610, 3
611, 1
611, 2
611, 3
612, 3
613, 1
613, 2
613, 3
614, 3
615, 1
615, 2
615, 3
616, 3
617, 1
617, 2
617, 3
618, 3
619, 1
619, 2
619, 3
620, 3
621, 1
621, 2
621, 3
622, 3
623, 1
623, 2
623, 3
624, 3
625, 1
625, 2
625, 3
626, 3
627, 1
627, 2
627, 3
628, 3
629, 1
629, 2
629, 3
630, 3
631, 1
631, 2
631, 3
632, 3
633, 1
633, 2
633, 3
634, 3
635, 1
635, 2
635, 3
636, 3
637, 1
637, 2
637, 3
638, 3
639, 1
639, 2
639, 3
640, 3
641, 1
641, 2
641, 3
642, 3
643, 1
643, 2
643, 3
644, 3
645, 1
645, 2
645, 3
646, 3
647, 1
647, 2
647, 3
648, 3
649, 1
649, 2
649, 3
650, 3
651, 1
651, 2
651, 3
652, 3
653, 1
653, 2
653, 3
654, 3
655, 1
655, 2
655, 3
656, 3
657, 1
657, 2
657, 3
658, 3
659, 1
659, 2
659, 3
660, 3
661, 1
661, 2
661, 3
662, 3
663, 1
663, 2
663, 3
664, 3
665, 1
665, 2
665, 3
666, 3
667, 1
667, 2
667, 3
668, 3
669, 1
669, 2
669, 3
670, 3
671, 1
671, 2
671, 3
672, 3
673, 1
673, 2
673, 3
674, 3
675, 1
675, 2
675, 3
676, 3
677, 1
677, 2
677, 3
678, 3
679, 1
679, 2
679, 3
680, 3
681, 1
681, 2
681, 3
682, 3
683, 1
683, 2
683, 3
684, 3
685, 1
685, 2
685, 3
686, 3
687, 1
687, 2
687, 3
688, 3
689, 1
689, 2
689, 3
690, 3
691, 1
691, 2
691, 3
692, 3
693, 1
693, 2
693, 3
694, 3
695, 1
695, 2
695, 3
696, 3
697, 1
697, 2
697, 3
698, 3
699, 1
699, 2
699, 3
700, 3
701, 1
701, 2
701, 3
702, 3
703, 1
703, 2
703, 3
704, 3
705, 1
705, 2
705, 3
706, 3
707, 1
707, 2
707, 3
708, 3
709, 1
709, 2
709, 3
710, 3
711, 1
711, 2
711, 3
712, 3
713, 1
713, 2
713, 3
714, 3
715, 1
715, 2
715, 3
716, 3
717, 1
717, 2
717, 3
718, 3
719, 1
719, 2
719, 3
720, 3
721, 1
721, 2
721, 3
722, 3
723, 1
723, 2
723, 3
724, 3
725, 1
725, 2
725, 3
726, 3
727, 1
727, 2
727, 3
728, 3
729, 1
729, 2
729, 3
730, 3
731, 1
731, 2
731, 3
732, 3
733, 1
733, 2
733, 3
734, 3
735, 1
735, 2
735, 3
736, 3
737, 1
737, 2
737, 3
738, 3
739, 1
739, 2
739, 3
740, 3
741, 1
741, 2
741, 3
742, 3
743, 1
743, 2
743, 3
744, 3
745, 1
745, 2
745, 3
746, 3
747, 1
747, 2
747, 3
748, 3
749, 1
749, 2
749, 3
750, 3
751, 1
751, 2
751, 3
752, 3
753, 1
753, 2
753, 3
754, 3
755, 1
755, 2
755, 3
756, 3
757, 1
757, 2
757, 3
758, 3
759, 1
759, 2
759, 3
760, 3
761, 1
761, 2
761, 3
762, 3
763, 1
763, 2
763, 3
764, 3
765, 1
765, 2
765, 3
766, 3
767, 1
767, 2
767, 3
768, 3
769, 1
769, 2
769, 3
770, 3
771, 1
771, 2
771, 3
772, 3
773, 1
773, 2
773, 3
774, 3
775, 1
775, 2
775, 3
776, 3
777, 1
777, 2
777, 3
778, 3
779, 1
779, 2
779, 3
780, 3
781, 1
781, 2
781, 3
782, 3
783, 1
783, 2
783, 3
784, 3
785, 1
785, 2
785, 3
786, 3
787, 1
787, 2
787, 3
788, 3
789, 1
789, 2
789, 3
790, 3
791, 1
791, 2
791, 3
792, 3
793, 1
793, 2
793, 3
794, 3
795, 1
795, 2
795, 3
796, 3
797, 1
797, 2
797, 3
798, 3
799, 1
799, 2
799, 3
800, 3
801, 1
801, 2
801, 3
802, 3
803, 1
803, 2
803, 3
804, 3
805, 1
805, 2
805, 3
806, 3
807, 1
807, 2
807, 3
808, 3
809, 1
809, 2
809, 3
810, 3
811, 1
811, 2
811, 3
812, 3
813, 1
813, 2
813, 3
814, 3
815, 1
815, 2
815, 3
816, 3
817, 1
817, 2
817, 3
818, 3
819, 1
819, 2
819, 3
820, 3
821, 1
821, 2
821, 3
822, 3
823, 1
823, 2
823, 3
824, 3
825, 1
825, 2
825, 3
826, 3
827, 1
827, 2
827, 3
828, 3
829, 1
829, 2
829, 3
830, 3
831, 1
831, 2
831, 3
832, 3
833, 1
833, 2
833, 3
834, 3
835, 1
835, 2
835, 3
836, 3
837, 1
837, 2
837, 3
838, 3
839, 1
839, 2
839, 3
840, 3
841, 1
841, 2
841, 3
842, 3
843, 1
843, 2
843, 3
844, 3
845, 1
845, 2
845, 3
846, 3
847, 1
847, 2
847, 3
848, 3
849, 1
849, 2
849, 3
850, 3
851, 1
851, 2
851, 3
852, 3
853, 1
853, 2
853, 3
854, 3
855, 1
855, 2
855, 3
856, 3
857, 1
857, 2
857, 3
858, 3
859, 1
859, 2
859, 3
860, 3
861, 1
861, 2
861, 3
862, 3
863, 1
863, 2
863, 3
864, 3
865, 1
865, 2
865, 3
866, 3
867, 1
867, 2
867, 3
868, 3
869, 1
869, 2
869, 3
870, 3
871, 1
871, 2
871, 3
872, 3
873, 1
873, 2
873, 3
874, 3
875, 1
875, 2
875, 3
876, 3
877, 1
877, 2
877, 3
878, 3
879, 1
879, 2
879, 3
880, 3
881, 1
881, 2
881, 3
882, 3
883, 1
883, 2
883, 3
884, 3
885, 1
885, 2
885, 3
886, 3
887, 1
887, 2
887, 3
888, 3
889, 1
889, 2
889, 3
890, 3
891, 1
891, 2
891, 3
892, 3
893, 1
893, 2
893, 3
894, 3
895, 1
895, 2
895, 3
896, 3
897, 1
897, 2
897, 3
898, 3
899, 1
899, 2
899, 3
900, 3
901, 1
901, 2
901, 3
902, 3
903, 1
903, 2
903, 3
904, 3
905, 1
905, 2
905, 3
906, 3
907, 1
907, 2
907, 3
908, 3
909, 1
909, 2
909, 3
910, 3
911, 1
911, 2
911, 3
912, 3
913, 1
913, 2
913, 3
914, 3
915, 1
915, 2
915, 3
916, 3
917, 1
917, 2
917, 3
918, 3
919, 1
919, 2
919, 3
920, 3
921, 1
921, 2
921, 3
922, 3
923, 1
923, 2
923, 3
924, 3
925, 1
925, 2
925, 3
926, 3
927, 1
927, 2
927, 3
928, 3
929, 1
929, 2
929, 3
930, 3
931, 1
931, 2
931, 3
932, 3
933, 1
933, 2
933, 3
934, 3
935, 1
935, 2
935, 3
936, 3
937, 1
937, 2
937, 3
938, 3
939, 1
939, 2
939, 3
940, 3
941, 1
941, 2
941, 3
942, 3
943, 1
943, 2
943, 3
944, 3
945, 1
945, 2
945, 3
946, 3
947, 1
947, 2
947, 3
948, 3
949, 1
949, 2
949, 3
950, 3
951, 1
951, 2
951, 3
952, 3
953, 1
953, 2
953, 3
954, 3
955, 1
955, 2
955, 3
956, 3
957, 1
957, 2
957, 3
958, 3
959, 1
959, 2
959, 3
960, 3
961, 1
961, 2
961, 3
962, 3
963, 1
963, 2
963, 3
964, 3
965, 1
965, 2
965, 3
966, 3
967, 1
967, 2
967, 3
968, 3
969, 1
969, 2
969, 3
970, 3
971, 1
971, 2
971, 3
972, 3
973, 1
973, 2
973, 3
974, 3
975, 1
975, 2
975, 3
976, 3
977, 1
977, 2
977, 3
978, 3
979, 1
979, 2
979, 3
980, 3
981, 1
981, 2
981, 3
982, 3
983, 1
983, 2
983, 3
984, 3
985, 1
985, 2
985, 3
986, 3
987, 1
987, 2
987, 3
988, 3
989, 1
989, 2
989, 3
990, 3
991, 1
991, 2
991, 3
992, 3
993, 1
993, 2
993, 3
994, 3
995, 1
995, 2
995, 3
996, 3
997, 1
997, 2
997, 3
998, 3
999, 1
999, 2
999, 3
1000, 3
1001, 1
1001, 2
1001, 3
0, 0
0.000000, 0.000000, 0.000000
10.000000, 2.000000, 0.000000
20.000000, 0.000000, 0.000000
30.000000, 2.000000, 0.000000
40.000000, 0.000000, 0.000000
50.000000, 2.000000, 0.000000
60.000000, 0.000000, 0.000000
70.000000, 2.000000, 0.000000
80.000000, 0.000000, 0.000000
90.000000, 2.000000, 0.000000
100.000000, 0.000000, 0.000000
110.000000, 2.000000, 0.000000
120.000000, 0.000000, 0.000000
130.000000, 2.000000, 0.000000
140.000000, 0.000000, 0.000000
150.000000, 2.000000, 0.000000
160.000000, 0.000000, 0.000000
170.000000, 2.000000, 0.000000
180.000000, 0.000000, 0.000000
190.000000, 2.000000, 0.000000
200.000000, 0.000000, 0.000000
210.000000, 2.000000, 0.000000
220.000000, 0.000000, 0.000000
230.000000, 2.000000, 0.000000
240.000000, 0.000000, 0.000000
250.000000, 2.000000, 0.000000
260.000000, 0.000000, 0.000000
270.000000, 2.000000, 0.000000
280.000000, 0.000000, 0.000000
290.000000, 2.000000, 0.000000
300.000000, 0.000000, 0.000000
310.000000, 2.000000, 0.000000
320.000000, 0.000000, 0.000000
330.000000, 2.000000, 0.000000
340.000000, 0.000000, 0.000000
350.000000, 2.000000, 0.000000
360.000000, 0.000000, 0.000000
370.000000, 2.000000, 0.000000
380.000000, 0.000000, 0.000000
390.000000, 2.000000, 0.000000
400.000000, 0.000000, 0.000000
410.000000, 2.000000, 0.000000
420.000000, 0.000000, 0.000000
430.000000, 2.000000, 0.000000
440.000000, 0.000000, 0.000000
450.000000, 2.000000, 0.000000
460.000000, 0.000000, 0.000000
470.000000, 2.000000, 0.000000
480.000000, 0.000000, 0.000000
490.000000, 2.000000, 0.000000
500.000000, 0.000000, 0.000000
510.000000, 2.000000, 0.000000
520.000000, 0.000000, 0.000000
530.000000, 2.000000, 0.000000
540.000000, 0.000000, 0.000000
550.000000, 2.000000, 0.000000
560.000000, 0.000000, 0.000000
570.000000, 2.000000, 0.000000
580.000000, 0.000000, 0.000000
590.000000, 2.000000, 0.000000
600.000000, 0.000000, 0.000000
610.000000, 2.000000, 0.000000
620.000000, 0.000000, 0.000000
630.000000, 2.000000, 0.000000
640.000000, 0.000000, 0.000000
650.000000, 2.000000, 0.000000
660.000000, 0.000000, 0.000000
670.000000, 2.000000, 0.000000
680.000000, 0.000000, 0.000000
690.000000, 2.000000, 0.000000
700.000000, 0.000000, 0.000000
710.000000, 2.000000, 0.000000
720.000000, 0.000000, 0.000000
730.000000, 2.000000, 0.000000
740.000000, 0.000000, 0.000000
750.000000, 2.000000, 0.000000
760.000000, 0.000000, 0.000000
770.000000, 2.000000, 0.000000
780.000000, 0.000000, 0.000000
790.000000, 2.000000, 0.000000
800.000000, 0.000000, 0.000000
810.000000, 2.000000, 0.000000
820.000000, 0.000000, 0.000000
830.000000, 2.000000, 0.000000
840.000000, 0.000000, 0.000000
850.000000, 2.000000, 0.000000
860.000000, 0.000000, 0.000000
870.000000, 2.000000, 0.000000
880.000000, 0.000000, 0.000000
890.000000, 2.000000, 0.000000
900.000000, 0.000000, 0.000000
910.000000, 2.000000, 0.000000
920.000000, 0.000000, 0.000000
930.000000, 2.000000, 0.000000
940.000000, 0.000000, 0.000000
950.000000, 2.000000, 0.000000
960.000000, 0.000000, 0.000000
970.000000, 2.000000, 0.000000
980.000000, 0.000000, 0.000000
990.000000, 2.000000, 0.000000
1000.000000, 0.000000, 0.000000
1010.000000, 2.000000, 0.000000
1020.000000, 0.000000, 0.000000
1030.000000, 2.000000, 0.000000
1040.000000, 0.000000, 0.000000
1050.000000, 2.000000, 0.000000
1060.000000, 0.000000, 0.000000
1070.000000, 2.000000, 0.000000
1080.000000, 0.000000, 0.000000
1090.000000, 2.000000, 0.000000
1100.000000, 0.000000, 0.000000
1110.000000, 2.000000, 0.000000
1120.000000, 0.000000, 0.000000
1130.000000, 2.000000, 0.000000
1140.000000, 0.000000, 0.000000
1150.000000, 2.000000, 0.000000
1160.000000, 0.000000, 0.000000
1170.000000, 2.000000, 0.000000
1180.000000, 0.000000, 0.000000
1190.000000, 2.000000, 0.000000
1200.000000, 0.000000, 0.000000
1210.000000, 2.000000, 0.000000
1220.000000, 0.000000, 0.000000
1230.000000, 2.000000, 0.000000
1240.000000, 0.000000, 0.000000
1250.000000, 2.000000, 0.000000
1260.000000, 0.000000, 0.000000
1270.000000, 2.000000, 0.000000
1280.000000, 0.000000, 0.000000
1290.000000, 2.000000, 0.000000
1300.000000, 0.000000, 0.000000
1310.000000, 2.000000, 0.000000
1320.000000, 0.000000, 0.000000
1330.000000, 2.000000, 0.000000
1340.000000, 0.000000, 0.000000
1350.000000, 2.000000, 0.000000
1360.000000, 0.000000, 0.000000
1370.000000, 2.000000, 0.000000
1380.000000, 0.000000, 0.000000
1390.000000, 2.000000, 0.000000
1400.000000, 0.000000, 0.000000
1410.000000, 2.000000, 0.000000
1420.000000, 0.000000, 0.000000
1430.000000, 2.000000, 0.000000
1440.000000, 0.000000, 0.000000
1450.000000, 2.000000, 0.000000
1460.000000, 0.000000, 0.000000
1470.000000, 2.000000, 0.000000
1480.000000, 0.000000, 0.000000
1490.000000, 2.000000, 0.000000
1500.000000, 0.000000, 0.000000
1510.000000, 2.000000, 0.000000
1520.000000, 0.000000, 0.000000
1530.000000, 2.000000, 0.000000
1540.000000, 0.000000, 0.000000
1550.000000, 2.000000, 0.000000
1560.000000, 0.000000, 0.000000
1570.000000, 2.000000, 0.000000
1580.000000, 0.000000, 0.000000
1590.000000, 2.000000, 0.000000
1600.000000, 0.000000, 0.000000
1610.000000, 2.000000, 0.000000
1620.000000, 0.000000, 0.000000
1630.000000, 2.000000, 0.000000
1640.000000, 0.000000, 0.000000
1650.000000, 2.000000, 0.000000
1660.000000, 0.000000, 0.000000
1670.000000, 2.000000, 0.000000
1680.000000, 0.000000, 0.000000
1690.000000, 2.000000, 0.000000
1700.000000, 0.000000, 0.000000
1710.000000, 2.000000, 0.000000
1720.000000, 0.000000, 0.000000
1730.000000, 2.000000, 0.000000
1740.000000, 0.000000, 0.000000
1750.000000, 2.000000, 0.000000
1760.000000, 0.000000, 0.000000
1770.000000, 2.000000, 0.000000
1780.000000, 0.000000, 0.000000
1790.000000, 2.000000, 0.000000
1800.000000, 0.000000, 0.000000
1810.000000, 2.000000, 0.000000
1820.000000, 0.000000, 0.000000
1830.000000, 2.000000, 0.000000
1840.000000, 0.000000, 0.000000
1850.000000, 2.000000, 0.000000
1860.000000, 0.000000, 0.000000
1870.000000, 2.000000, 0.000000
1880.000000, 0.000000, 0.000000
1890.000000, 2.000000, 0.000000
1900.000000, 0.000000, 0.000000
1910.000000, 2.000000, 0.000000
1920.000000, 0.000000, 0.000000
1930.000000, 2.000000, 0.000000
1940.000000, 0.000000, 0.000000
1950.000000, 2.000000, 0.000000
1960.000000, 0.000000, 0.000000
1970.000000, 2.000000, 0.000000
1980.000000, 0.000000, 0.000000
1990.000000, 2.000000, 0.000000
2000.000000, 0.000000, 0.000000
2010.000000, 2.000000, 0.000000
2020.000000, 0.000000, 0.000000
2030.000000, 2.000000, 0.000000
2040.000000, 0.000000, 0.000000
2050.000000, 2.000000, 0.000000
2060.000000, 0.000000, 0.000000
2070.000000, 2.000000, 0.000000
2080.000000, 0.000000, 0.000000
2090.000000, 2.000000, 0.000000
2100.000000, 0.000000, 0.000000
2110.000000, 2.000000, 0.000000
2120.000000, 0.000000, 0.000000
2130.000000, 2.000000, 0.000000
2140.000000, 0.000000, 0.000000
2150.000000, 2.000000, 0.000000
2160.000000, 0.000000, 0.000000
2170.000000, 2.000000, 0.000000
2180.000000, 0.000000, 0.000000
2190.000000, 2.000000, 0.000000
2200.000000, 0.000000, 0.000000
2210.000000, 2.000000, 0.000000
2220.000000, 0.000000, 0.000000
2230.000000, 2.000000, 0.000000
2240.000000, 0.000000, 0.000000
2250.000000, 2.000000, 0.000000
2260.000000, 0.000000, 0.000000
2270.000000, 2.000000, 0.000000
2280.000000, 0.000000, 0.000000
2290.000000, 2.000000, 0.000000
2300.000000, 0.000000, 0.000000
2310.000000, 2.000000, 0.000000
2320.000000, 0.000000, 0.000000
2330.000000, 2.000000, 0.000000
2340.000000, 0.000000, 0.000000
2350.000000, 2.000000, 0.000000
2360.000000, 0.000000, 0.000000
2370.000000, 2.000000, 0.000000
2380.000000, 0.000000, 0.000000
2390.000000, 2.000000, 0.000000
2400.000000, 0.000000, 0.000000
2410.000000, 2.000000, 0.000000
2420.000000, 0.000000, 0.000000
2430.000000, 2.000000, 0.000000
2440.000000, 0.000000, 0.000000
2450.000000, 2.000000, 0.000000
2460.000000, 0.000000, 0.000000
2470.000000, 2.000000, 0.000000
2480.000000, 0.000000, 0.000000
2490.000000, 2.000000, 0.000000
2500.000000, 0.000000, 0.000000
2510.000000, 2.000000, 0.000000
2520.000000, 0.000000, 0.000000
2530.000000, 2.000000, 0.000000
2540.000000, 0.000000, 0.000000
2550.000000, 2.000000, 0.000000
2560.000000, 0.000000, 0.000000
2570.000000, 2.000000, 0.000000
2580.000000, 0.000000, 0.000000
2590.000000, 2.000000, 0.000000
2600.000000, 0.000000, 0.000000
2610.000000, 2.000000, 0.000000
2620.000000, 0.000000, 0.000000
2630.000000, 2.000000, 0.000000
2640.000000, 0.000000, 0.000000
2650.000000, 2.000000, 0.000000
2660.000000, 0.000000, 0.000000
2670.000000, 2.000000, 0.000000
2680.000000, 0.000000, 0.000000
2690.000000, 2.000000, 0.000000
2700.000000, 0.000000, 0.000000
2710.000000, 2.000000, 0.000000
2720.000000, 0.000000, 0.000000
2730.000000, 2.000000, 0.000000
2740.000000, 0.000000, 0.000000
2750.000000, 2.000000, 0.000000
2760.000000, 0.000000, 0.000000
2770.000000, 2.000000, 0.000000
2780.000000, 0.000000, 0.000000
2790.000000, 2.000000, 0.000000
2800.000000, 0.000000, 0.000000
2810.000000, 2.000000, 0.000000
2820.000000, 0.000000, 0.000000
2830.000000, 2.000000, 0.000000
2840.000000, 0.000000, 0.000000
2850.000000, 2.000000, 0.000000
2860.000000, 0.000000, 0.000000
2870.000000, 2.000000, 0.000000
2880.000000, 0.000000, 0.000000
2890.000000, 2.000000, 0.000000
2900.000000, 0.000000, 0.000000
2910.000000, 2.000000, 0.000000
2920.000000, 0.000000, 0.000000
2930.000000, 2.000000, 0.000000
2940.000000, 0.000000, 0.000000
2950.000000, 2.000000, 0.000000
2960.000000, 0.000000, 0.000000
2970.000000, 2.000000, 0.000000
2980.000000, 0.000000, 0.000000
2990.000000, 2.000000, 0.000000
3000.000000, 0.000000, 0.000000
3010.000000, 2.000000, 0.000000
3020.000000, 0.000000, 0.000000
3030.000000, 2.000000, 0.000000
3040.000000, 0.000000, 0.000000
3050.000000, 2.000000, 0.000000
3060.000000, 0.000000, 0.000000
3070.000000, 2.000000, 0.000000
3080.000000, 0.000000, 0.000000
3090.000000, 2.000000, 0.000000
3100.000000, 0.000000, 0.000000
3110.000000, 2.000000, 0.000000
3120.000000, 0.000000, 0.000000
3130.000000, 2.000000, 0.000000
3140.000000, 0.000000, 0.000000
3150.000000, 2.000000, 0.000000
3160.000000, 0.000000, 0.000000
3170.000000, 2.000000, 0.000000
3180.000000, 0.000000, 0.000000
3190.000000, 2.000000, 0.000000
3200.000000, 0.000000, 0.000000
3210.000000, 2.000000, 0.000000
3220.000000, 0.000000, 0.000000
3230.000000, 2.000000, 0.000000
3240.000000, 0.000000, 0.000000
3250.000000, 2.000000, 0.000000
3260.000000, 0.000000, 0.000000
3270.000000, 2.000000, 0.000000
3280.000000, 0.000000, 0.000000
3290.000000, 2.000000, 0.000000
3300.000000, 0.000000, 0.000000
3310.000000, 2.000000, 0.000000
3320.000000, 0.000000, 0.000000
3330.000000, 2.000000, 0.000000
3340.000000, 0.000000, 0.000000
3350.000000, 2.000000, 0.000000
3360.000000, 0.000000, 0.000000
3370.000000, 2.000000, 0.000000
3380.000000, 0.000000, 0.000000
3390.000000, 2.000000, 0.000000
3400.000000, 0.000000, 0.000000
3410.000000, 2.000000, 0.000000
3420.000000, 0.000000, 0.000000
3430.000000, 2.000000, 0.000000
3440.000000, 0.000000, 0.000000
3450.000000, 2.000000, 0.000000
3460.000000, 0.000000, 0.000000
3470.000000, 2.000000, 0.000000
3480.000000, 0.000000, 0.000000
3490.000000, 2.000000, 0.000000
3500.000000, 0.000000, 0.000000
3510.000000, 2.000000, 0.000000
3520.000000, 0.000000, 0.000000
3530.000000, 2.000000, 0.000000
3540.000000, 0.000000, 0.000000
3550.000000, 2.000000, 0.000000
3560.000000, 0.000000, 0.000000
3570.000000, 2.000000, 0.000000
3580.000000, 0.000000, 0.000000
3590.000000, 2.000000, 0.000000
3600.000000, 0.000000, 0.000000
3610.000000, 2.000000, 0.000000
3620.000000, 0.000000, 0.000000
3630.000000, 2.000000, 0.000000
3640.000000, 0.000000, 0.000000
3650.000000, 2.000000, 0.000000
3660.000000, 0.000000, 0.000000
3670.000000, 2.000000, 0.000000
3680.000000, 0.000000, 0.000000
3690.000000, 2.000000, 0.000000
3700.000000, 0.000000, 0.000000
3710.000000, 2.000000, 0.000000
3720.000000, 0.000000, 0.000000
3730.000000, 2.000000, 0.000000
3740.000000, 0.000000, 0.000000
3750.000000, 2.000000, 0.000000
3760.000000, 0.000000, 0.000000
3770.000000, 2.000000, 0.000000
3780.000000, 0.000000, 0.000000
3790.000000, 2.000000, 0.000000
3800.000000, 0.000000, 0.000000
3810.000000, 2.000000, 0.000000
3820.000000, 0.000000, 0.000000
3830.000000, 2.000000, 0.000000
3840.000000, 0.000000, 0.000000
3850.000000, 2.000000, 0.000000
3860.000000, 0.000000, 0.000000
3870.000000, 2.000000, 0.000000
3880.000000, 0.000000, 0.000000
3890.000000, 2.000000, 0.000000
3900.000000, 0.000000, 0.000000
3910.000000, 2.000000, 0.000000
3920.000000, 0.000000, 0.000000
3930.000000, 2.000000, 0.000000
3940.000000, 0.000000, 0.000000
3950.000000, 2.000000, 0.000000
3960.000000, 0.000000, 0.000000
3970.000000, 2.000000, 0.000000
3980.000000, 0.000000, 0.000000
3990.000000, 2.000000, 0.000000
4000.000000, 0.000000, 0.000000
4010.000000, 2.000000, 0.000000
4020.000000, 0.000000, 0.000000
4030.000000, 2.000000, 0.000000
4040.000000, 0.000000, 0.000000
4050.000000, 2.000000, 0.000000
4060.000000, 0.000000, 0.000000
4070.000000, 2.000000, 0.000000
4080.000000, 0.000000, 0.000000
4090.000000, 2.000000, 0.000000
4100.000000, 0.000000, 0.000000
4110.000000, 2.000000, 0.000000
4120.000000, 0.000000, 0.000000
4130.000000, 2.000000, 0.000000
4140.000000, 0.000000, 0.000000
4150.000000, 2.000000, 0.000000
4160.000000, 0.000000, 0.000000
4170.000000, 2.000000, 0.000000
4180.000000, 0.000000, 0.000000
4190.000000, 2.000000, 0.000000
4200.000000, 0.000000, 0.000000
4210.000000, 2.000000, 0.000000
4220.000000, 0.000000, 0.000000
4230.000000, 2.000000, 0.000000
4240.000000, 0.000000, 0.000000
4250.000000, 2.000000, 0.000000
4260.000000, 0.000000, 0.000000
4270.000000, 2.000000, 0.000000
4280.000000, 0.000000, 0.000000
4290.000000, 2.000000, 0.000000
4300.000000, 0.000000, 0.000000
4310.000000, 2.000000, 0.000000
4320.000000, 0.000000, 0.000000
4330.000000, 2.000000, 0.000000
4340.000000, 0.000000, 0.000000
4350.000000, 2.000000, 0.000000
4360.000000, 0.000000, 0.000000
4370.000000, 2.000000, 0.000000
4380.000000, 0.000000, 0.000000
4390.000000, 2.000000, 0.000000
4400.000000, 0.000000, 0.000000
4410.000000, 2.000000, 0.000000
4420.000000, 0.000000, 0.000000
4430.000000, 2.000000, 0.000000
4440.000000, 0.000000, 0.000000
4450.000000, 2.000000, 0.000000
4460.000000, 0.000000, 0.000000
4470.000000, 2.000000, 0.000000
4480.000000, 0.000000, 0.000000
4490.000000, 2.000000, 0.000000
4500.000000, 0.000000, 0.000000
4510.000000, 2.000000, 0.000000
4520.000000, 0.000000, 0.000000
4530.000000, 2.000000, 0.000000
4540.000000, 0.000000, 0.000000
4550.000000, 2.000000, 0.000000
4560.000000, 0.000000, 0.000000
4570.000000, 2.000000, 0.000000
4580.000000, 0.000000, 0.000000
4590.000000, 2.000000, 0.000000
4600.000000, 0.000000, 0.000000
4610.000000, 2.000000, 0.000000
4620.000000, 0.000000, 0.000000
4630.000000, 2.000000, 0.000000
4640.000000, 0.000000, 0.000000
4650.000000, 2.000000, 0.000000
4660.000000, 0.000000, 0.000000
4670.000000, 2.000000, 0.000000
4680.000000, 0.000000, 0.000000
4690.000000, 2.000000, 0.000000
4700.000000, 0.000000, 0.000000
4710.000000, 2.000000, 0.000000
4720.000000, 0.000000, 0.000000
4730.000000, 2.000000, 0.000000
4740.000000, 0.000000, 0.000000
4750.000000, 2.000000, 0.000000
4760.000000, 0.000000, 0.000000
4770.000000, 2.000000, 0.000000
4780.000000, 0.000000, 0.000000
4790.000000, 2.000000, 0.000000
4800.000000, 0.000000, 0.000000
4810.000000, 2.000000, 0.000000
4820.000000, 0.000000, 0.000000
4830.000000, 2.000000, 0.000000
4840.000000, 0.000000, 0.000000
4850.000000, 2.000000, 0.000000
4860.000000, 0.000000, 0.000000
4870.000000, 2.000000, 0.000000
4880.000000, 0.000000, 0.000000
4890.000000, 2.000000, 0.000000
4900.000000, 0.000000, 0.000000
4910.000000, 2.000000, 0.000000
4920.000000, 0.000000, 0.000000
4930.000000, 2.000000, 0.000000
4940.000000, 0.000000, 0.000000
4950.000000, 2.000000, 0.000000
4960.000000, 0.000000, 0.000000
4970.000000, 2.000000, 0.000000
4980.000000, 0.000000, 0.000000
4990.000000, 2.000000, 0.000000
5000.000000, 0.000000, 0.000000
5010.000000, 2.000000, 0.000000
5020.000000, 0.000000, 0.000000
5030.000000, 2.000000, 0.000000
5040.000000, 0.000000, 0.000000
5050.000000, 2.000000, 0.000000
5060.000000, 0.000000, 0.000000
5070.000000, 2.000000, 0.000000
5080.000000, 0.000000, 0.000000
5090.000000, 2.000000, 0.000000
5100.000000, 0.000000, 0.000000
5110.000000, 2.000000, 0.000000
5120.000000, 0.000000, 0.000000
5130.000000, 2.000000, 0.000000
5140.000000, 0.000000, 0.000000
5150.000000, 2.000000, 0.000000
5160.000000, 0.000000, 0.000000
5170.000000, 2.000000, 0.000000
5180.000000, 0.000000, 0.000000
5190.000000, 2.000000, 0.000000
5200.000000, 0.000000, 0.000000
5210.000000, 2.000000, 0.000000
5220.000000, 0.000000, 0.000000
5230.000000, 2.000000, 0.000000
5240.000000, 0.000000, 0.000000
5250.000000, 2.000000, 0.000000
5260.000000, 0.000000, 0.000000
5270.000000, 2.000000, 0.000000
5280.000000, 0.000000, 0.000000
5290.000000, 2.000000, 0.000000
5300.000000, 0.000000, 0.000000
5310.000000, 2.000000, 0.000000
5320.000000, 0.000000, 0.000000
5330.000000, 2.000000, 0.000000
5340.000000, 0.000000, 0.000000
5350.000000, 2.000000, 0.000000
5360.000000, 0.000000, 0.000000
5370.000000, 2.000000, 0.000000
5380.000000, 0.000000, 0.000000
5390.000000, 2.000000, 0.000000
5400.000000, 0.000000, 0.000000
5410.000000, 2.000000, 0.000000
5420.000000, 0.000000, 0.000000
5430.000000, 2.000000, 0.000000
5440.000000, 0.000000, 0.000000
5450.000000, 2.000000, 0.000000
5460.000000, 0.000000, 0.000000
5470.000000, 2.000000, 0.000000
5480.000000, 0.000000, 0.000000
5490.000000, 2.000000, 0.000000
5500.000000, 0.000000, 0.000000
5510.000000, 2.000000, 0.000000
5520.000000, 0.000000, 0.000000
5530.000000, 2.000000, 0.000000
5540.000000, 0.000000, 0.000000
5550.000000, 2.000000, 0.000000
5560.000000, 0.000000, 0.000000
5570.000000, 2.000000, 0.000000
5580.000000, 0.000000, 0.000000
5590.000000, 2.000000, 0.000000
5600.000000, 0.000000, 0.000000
5610.000000, 2.000000, 0.000000
5620.000000, 0.000000, 0.000000
5630.000000, 2.000000, 0.000000
5640.000000, 0.000000, 0.000000
5650.000000, 2.000000, 0.000000
5660.000000, 0.000000, 0.000000
5670.000000, 2.000000, 0.000000
5680.000000, 0.000000, 0.000000
5690.000000, 2.000000, 0.000000
5700.000000, 0.000000, 0.000000
5710.000000, 2.000000, 0.000000
5720.000000, 0.000000, 0.000000
5730.000000, 2.000000, 0.000000
5740.000000, 0.000000, 0.000000
5750.000000, 2.000000, 0.000000
5760.000000, 0.000000, 0.000000
5770.000000, 2.000000, 0.000000
5780.000000, 0.000000, 0.000000
5790.000000, 2.000000, 0.000000
5800.000000, 0.000000, 0.000000
5810.000000, 2.000000, 0.000000
5820.000000, 0.000000, 0.000000
5830.000000, 2.000000, 0.000000
5840.000000, 0.000000, 0.000000
5850.000000, 2.000000, 0.000000
5860.000000, 0.000000, 0.000000
5870.000000, 2.000000, 0.000000
5880.000000, 0.000000, 0.000000
5890.000000, 2.000000, 0.000000
5900.000000, 0.000000, 0.000000
5910.000000, 2.000000, 0.000000
5920.000000, 0.000000, 0.000000
5930.000000, 2.000000, 0.000000
5940.000000, 0.000000, 0.000000
5950.000000, 2.000000, 0.000000
5960.000000, 0.000000, 0.000000
5970.000000, 2.000000, 0.000000
5980.000000, 0.000000, 0.000000
5990.000000, 2.000000, 0.000000
6000.000000, 0.000000, 0.000000
6010.000000, 2.000000, 0.000000
6020.000000, 0.000000, 0.000000
6030.000000, 2.000000, 0.000000
6040.000000, 0.000000, 0.000000
6050.000000, 2.000000, 0.000000
6060.000000, 0.000000, 0.000000
6070.000000, 2.000000, 0.000000
6080.000000, 0.000000, 0.000000
6090.000000, 2.000000, 0.000000
6100.000000, 0.000000, 0.000000
6110.000000, 2.000000, 0.000000
6120.000000, 0.000000, 0.000000
6130.000000, 2.000000, 0.000000
6140.000000, 0.000000, 0.000000
6150.000000, 2.000000, 0.000000
6160.000000, 0.000000, 0.000000
6170.000000, 2.000000, 0.000000
6180.000000, 0.000000, 0.000000
6190.000000, 2.000000, 0.000000
6200.000000, 0.000000, 0.000000
6210.000000, 2.000000, 0.000000
6220.000000, 0.000000, 0.000000
6230.000000, 2.000000, 0.000000
6240.000000, 0.000000, 0.000000
6250.000000, 2.000000, 0.000000
6260.000000, 0.000000, 0.000000
6270.000000, 2.000000, 0.000000
6280.000000, 0.000000, 0.000000
6290.000000, 2.000000, 0.000000
6300.000000, 0.000000, 0.000000
6310.000000, 2.000000, 0.000000
6320.000000, 0.000000, 0.000000
6330.000000, 2.000000, 0.000000
6340.000000, 0.000000, 0.000000
6350.000000, 2.000000, 0.000000
6360.000000, 0.000000, 0.000000
6370.000000, 2.000000, 0.000000
6380.000000, 0.000000, 0.000000
6390.000000, 2.000000, 0.000000
6400.000000, 0.000000, 0.000000
6410.000000, 2.000000, 0.000000
6420.000000, 0.000000, 0.000000
6430.000000, 2.000000, 0.000000
6440.000000, 0.000000, 0.000000
6450.000000, 2.000000, 0.000000
6460.000000, 0.000000, 0.000000
6470.000000, 2.000000, 0.000000
6480.000000, 0.000000, 0.000000
6490.000000, 2.000000, 0.000000
6500.000000, 0.000000, 0.000000
6510.000000, 2.000000, 0.000000
6520.000000, 0.000000, 0.000000
6530.000000, 2.000000, 0.000000
6540.000000, 0.000000, 0.000000
6550.000000, 2.000000, 0.000000
6560.000000, 0.000000, 0.000000
6570.000000, 2.000000, 0.000000
6580.000000, 0.000000, 0.000000
6590.000000, 2.000000, 0.000000
6600.000000, 0.000000, 0.000000
6610.000000, 2.000000, 0.000000
6620.000000, 0.000000, 0.000000
6630.000000, 2.000000, 0.000000
6640.000000, 0.000000, 0.000000
6650.000000, 2.000000, 0.000000
6660.000000, 0.000000, 0.000000
6670.000000, 2.000000, 0.000000
6680.000000, 0.000000, 0.000000
6690.000000, 2.000000, 0.000000
6700.000000, 0.000000, 0.000000
6710.000000, 2.000000, 0.000000
6720.000000, 0.000000, 0.000000
6730.000000, 2.000000, 0.000000
6740.000000, 0.000000, 0.000000
6750.000000, 2.000000, 0.000000
6760.000000, 0.000000, 0.000000
6770.000000, 2.000000, 0.000000
6780.000000, 0.000000, 0.000000
6790.000000, 2.000000, 0.000000
6800.000000, 0.000000, 0.000000
6810.000000, 2.000000, 0.000000
6820.000000, 0.000000, 0.000000
6830.000000, 2.000000, 0.000000
6840.000000, 0.000000, 0.000000
6850.000000, 2.000000, 0.000000
6860.000000, 0.000000, 0.000000
6870.000000, 2.000000, 0.000000
6880.000000, 0.000000, 0.000000
6890.000000, 2.000000, 0.000000
6900.000000, 0.000000, 0.000000
6910.000000, 2.000000, 0.000000
6920.000000, 0.000000, 0.000000
6930.000000, 2.000000, 0.000000
6940.000000, 0.000000, 0.000000
6950.000000, 2.000000, 0.000000
6960.000000, 0.000000, 0.000000
6970.000000, 2.000000, 0.000000
6980.000000, 0.000000, 0.000000
6990.000000, 2.000000, 0.000000
7000.000000, 0.000000, 0.000000
7010.000000, 2.000000, 0.000000
7020.000000, 0.000000, 0.000000
7030.000000, 2.000000, 0.000000
7040.000000, 0.000000, 0.000000
7050.000000, 2.000000, 0.000000
7060.000000, 0.000000, 0.000000
7070.000000, 2.000000, 0.000000
7080.000000, 0.000000, 0.000000
7090.000000, 2.000000, 0.000000
7100.000000, 0.000000, 0.000000
7110.000000, 2.000000, 0.000000
7120.000000, 0.000000, 0.000000
7130.000000, 2.000000, 0.000000
7140.000000, 0.000000, 0.000000
7150.000000, 2.000000, 0.000000
7160.000000, 0.000000, 0.000000
7170.000000, 2.000000, 0.000000
7180.000000, 0.000000, 0.000000
7190.000000, 2.000000, 0.000000
7200.000000, 0.000000, 0.000000
7210.000000, 2.000000, 0.000000
7220.000000, 0.000000, 0.000000
7230.000000, 2.000000, 0.000000
7240.000000, 0.000000, 0.000000
7250.000000, 2.000000, 0.000000
7260.000000, 0.000000, 0.000000
7270.000000, 2.000000, 0.000000
7280.000000, 0.000000, 0.000000
7290.000000, 2.000000, 0.000000
7300.000000, 0.000000, 0.000000
7310.000000, 2.000000, 0.000000
7320.000000, 0.000000, 0.000000
7330.000000, 2.000000, 0.000000
7340.000000, 0.000000, 0.000000
7350.000000, 2.000000, 0.000000
7360.000000, 0.000000, 0.000000
7370.000000, 2.000000, 0.000000
7380.000000, 0.000000, 0.000000
7390.000000, 2.000000, 0.000000
7400.000000, 0.000000, 0.000000
7410.000000, 2.000000, 0.000000
7420.000000, 0.000000, 0.000000
7430.000000, 2.000000, 0.000000
7440.000000, 0.000000, 0.000000
7450.000000, 2.000000, 0.000000
7460.000000, 0.000000, 0.000000
7470.000000, 2.000000, 0.000000
7480.000000, 0.000000, 0.000000
7490.000000, 2.000000, 0.000000
7500.000000, 0.000000, 0.000000
7510.000000, 2.000000, 0.000000
7520.000000, 0.000000, 0.000000
7530.000000, 2.000000, 0.000000
7540.000000, 0.000000, 0.000000
7550.000000, 2.000000, 0.000000
7560.000000, 0.000000, 0.000000
7570.000000, 2.000000, 0.000000
7580.000000, 0.000000, 0.000000
7590.000000, 2.000000, 0.000000
7600.000000, 0.000000, 0.000000
7610.000000, 2.000000, 0.000000
7620.000000, 0.000000, 0.000000
7630.000000, 2.000000, 0.000000
7640.000000, 0.000000, 0.000000
7650.000000, 2.000000, 0.000000
7660.000000, 0.000000, 0.000000
7670.000000, 2.000000, 0.000000
7680.000000, 0.000000, 0.000000
7690.000000, 2.000000, 0.000000
7700.000000, 0.000000, 0.000000
7710.000000, 2.000000, 0.000000
7720.000000, 0.000000, 0.000000
7730.000000, 2.000000, 0.000000
7740.000000, 0.000000, 0.000000
7750.000000, 2.000000, 0.000000
7760.000000, 0.000000, 0.000000
7770.000000, 2.000000, 0.000000
7780.000000, 0.000000, 0.000000
7790.000000, 2.000000, 0.000000
7800.000000, 0.000000, 0.000000
7810.000000, 2.000000, 0.000000
7820.000000, 0.000000, 0.000000
7830.000000, 2.000000, 0.000000
7840.000000, 0.000000, 0.000000
7850.000000, 2.000000, 0.000000
7860.000000, 0.000000, 0.000000
7870.000000, 2.000000, 0.000000
7880.000000, 0.000000, 0.000000
7890.000000, 2.000000, 0.000000
7900.000000, 0.000000, 0.000000
7910.000000, 2.000000, 0.000000
7920.000000, 0.000000, 0.000000
7930.000000, 2.000000, 0.000000
7940.000000, 0.000000, 0.000000
7950.000000, 2.000000, 0.000000
7960.000000, 0.000000, 0.000000
7970.000000, 2.000000, 0.000000
7980.000000, 0.000000, 0.000000
7990.000000, 2.000000, 0.000000
8000.000000, 0.000000, 0.000000
8010.000000, 2.000000, 0.000000
8020.000000, 0.000000, 0.000000
8030.000000, 2.000000, 0.000000
8040.000000, 0.000000, 0.000000
8050.000000, 2.000000, 0.000000
8060.000000, 0.000000, 0.000000
8070.000000, 2.000000, 0.000000
8080.000000, 0.000000, 0.000000
8090.000000, 2.000000, 0.000000
8100.000000, 0.000000, 0.000000
8110.000000, 2.000000, 0.000000
8120.000000, 0.000000, 0.000000
8130.000000, 2.000000, 0.000000
8140.000000, 0.000000, 0.000000
8150.000000, 2.000000, 0.000000
8160.000000, 0.000000, 0.000000
8170.000000, 2.000000, 0.000000
8180.000000, 0.000000, 0.000000
8190.000000, 2.000000, 0.000000
8200.000000, 0.000000, 0.000000
8210.000000, 2.000000, 0.000000
8220.000000, 0.000000, 0.000000
8230.000000, 2.000000, 0.000000
8240.000000, 0.000000, 0.000000
8250.000000, 2.000000, 0.000000
8260.000000, 0.000000, 0.000000
8270.000000, 2.000000, 0.000000
8280.000000, 0.000000, 0.000000
8290.000000, 2.000000, 0.000000
8300.000000, 0.000000, 0.000000
8310.000000, 2.000000, 0.000000
8320.000000, 0.000000, 0.000000
8330.000000, 2.000000, 0.000000
8340.000000, 0.000000, 0.000000
8350.000000, 2.000000, 0.000000
8360.000000, 0.000000, 0.000000
8370.000000, 2.000000, 0.000000
8380.000000, 0.000000, 0.000000
8390.000000, 2.000000, 0.000000
8400.000000, 0.000000, 0.000000
8410.000000, 2.000000, 0.000000
8420.000000, 0.000000, 0.000000
8430.000000, 2.000000, 0.000000
8440.000000, 0.000000, 0.000000
8450.000000, 2.000000, 0.000000
8460.000000, 0.000000, 0.000000
8470.000000, 2.000000, 0.000000
8480.000000, 0.000000, 0.000000
8490.000000, 2.000000, 0.000000
8500.000000, 0.000000, 0.000000
8510.000000, 2.000000, 0.000000
8520.000000, 0.000000, 0.000000
8530.000000, 2.000000, 0.000000
8540.000000, 0.000000, 0.000000
8550.000000, 2.000000, 0.000000
8560.000000, 0.000000, 0.000000
8570.000000, 2.000000, 0.000000
8580.000000, 0.000000, 0.000000
8590.000000, 2.000000, 0.000000
8600.000000, 0.000000, 0.000000
8610.000000, 2.000000, 0.000000
8620.000000, 0.000000, 0.000000
8630.000000, 2.000000, 0.000000
8640.000000, 0.000000, 0.000000
8650.000000, 2.000000, 0.000000
8660.000000, 0.000000, 0.000000
8670.000000, 2.000000, 0.000000
8680.000000, 0.000000, 0.000000
8690.000000, 2.000000, 0.000000
8700.000000, 0.000000, 0.000000
8710.000000, 2.000000, 0.000000
8720.000000, 0.000000, 0.000000
8730.000000, 2.000000, 0.000000
8740.000000, 0.000000, 0.000000
8750.000000, 2.000000, 0.000000
8760.000000, 0.000000, 0.000000
8770.000000, 2.000000, 0.000000
8780.000000, 0.000000, 0.000000
8790.000000, 2.000000, 0.000000
8800.000000, 0.000000, 0.000000
8810.000000, 2.000000, 0.000000
8820.000000, 0.000000, 0.000000
8830.000000, 2.000000, 0.000000
8840.000000, 0.000000, 0.000000
8850.000000, 2.000000, 0.000000
8860.000000, 0.000000, 0.000000
8870.000000, 2.000000, 0.000000
8880.000000, 0.000000, 0.000000
8890.000000, 2.000000, 0.000000
8900.000000, 0.000000, 0.000000
8910.000000, 2.000000, 0.000000
8920.000000, 0.000000, 0.000000
8930.000000, 2.000000, 0.000000
8940.000000, 0.000000, 0.000000
8950.000000, 2.000000, 0.000000
8960.000000, 0.000000, 0.000000
8970.000000, 2.000000, 0.000000
8980.000000, 0.000000, 0.000000
8990.000000, 2.000000, 0.000000
9000.000000, 0.000000, 0.000000
9010.000000, 2.000000, 0.000000
9020.000000, 0.000000, 0.000000
9030.000000, 2.000000, 0.000000
9040.000000, 0.000000, 0.000000
9050.000000, 2.000000, 0.000000
9060.000000, 0.000000, 0.000000
9070.000000, 2.000000, 0.000000
9080.000000, 0.000000, 0.000000
9090.000000, 2.000000, 0.000000
9100.000000, 0.000000, 0.000000
9110.000000, 2.000000, 0.000000
9120.000000, 0.000000, 0.000000
9130.000000, 2.000000, 0.000000
9140.000000, 0.000000, 0.000000
9150.000000, 2.000000, 0.000000
9160.000000, 0.000000, 0.000000
9170.000000, 2.000000, 0.000000
9180.000000, 0.000000, 0.000000
9190.000000, 2.000000, 0.000000
9200.000000, 0.000000, 0.000000
9210.000000, 2.000000, 0.000000
9220.000000, 0.000000, 0.000000
9230.000000, 2.000000, 0.000000
9240.000000, 0.000000, 0.000000
9250.000000, 2.000000, 0.000000
9260.000000, 0.000000, 0.000000
9270.000000, 2.000000, 0.000000
9280.000000, 0.000000, 0.000000
9290.000000, 2.000000, 0.000000
9300.000000, 0.000000, 0.000000
9310.000000, 2.000000, 0.000000
9320.000000, 0.000000, 0.000000
9330.000000, 2.000000, 0.000000
9340.000000, 0.000000, 0.000000
9350.000000, 2.000000, 0.000000
9360.000000, 0.000000, 0.000000
9370.000000, 2.000000, 0.000000
9380.000000, 0.000000, 0.000000
9390.000000, 2.000000, 0.000000
9400.000000, 0.000000, 0.000000
9410.000000, 2.000000, 0.000000
9420.000000, 0.000000, 0.000000
9430.000000, 2.000000, 0.000000
9440.000000, 0.000000, 0.000000
9450.000000, 2.000000, 0.000000
9460.000000, 0.000000, 0.000000
9470.000000, 2.000000, 0.000000
9480.000000, 0.000000, 0.000000
9490.000000, 2.000000, 0.000000
9500.000000, 0.000000, 0.000000
9510.000000, 2.000000, 0.000000
9520.000000, 0.000000, 0.000000
9530.000000, 2.000000, 0.000000
9540.000000, 0.000000, 0.000000
9550.000000, 2.000000, 0.000000
9560.000000, 0.000000, 0.000000
9570.000000, 2.000000, 0.000000
9580.000000, 0.000000, 0.000000
9590.000000, 2.000000, 0.000000
9600.000000, 0.000000, 0.000000
9610.000000, 2.000000, 0.000000
9620.000000, 0.000000, 0.000000
9630.000000, 2.000000, 0.000000
9640.000000, 0.000000, 0.000000
9650.000000, 2.000000, 0.000000
9660.000000, 0.000000, 0.000000
9670.000000, 2.000000, 0.000000
9680.000000, 0.000000, 0.000000
9690.000000, 2.000000, 0.000000
9700.000000, 0.000000, 0.000000
9710.000000, 2.000000, 0.000000
9720.000000, 0.000000, 0.000000
9730.000000, 2.000000, 0.000000
9740.000000, 0.000000, 0.000000
9750.000000, 2.000000, 0.000000
9760.000000, 0.000000, 0.000000
9770.000000, 2.000000, 0.000000
9780.000000, 0.000000, 0.000000
9790.000000, 2.000000, 0.000000
9800.000000, 0.000000, 0.000000
9810.000000, 2.000000, 0.000000
9820.000000, 0.000000, 0.000000
9830.000000, 2.000000, 0.000000
9840.000000, 0.000000, 0.000000
9850.000000, 2.000000, 0.000000
9860.000000, 0.000000, 0.000000
9870.000000, 2.000000, 0.000000
9880.000000, 0.000000, 0.000000
9890.000000, 2.000000, 0.000000
9900.000000, 0.000000, 0.000000
9910.000000, 2.000000, 0.000000
9920.000000, 0.000000, 0.000000
9930.000000, 2.000000, 0.000000
9940.000000, 0.000000, 0.000000
9950.000000, 2.000000, 0.000000
9960.000000, 0.000000, 0.000000
9970.000000, 2.000000, 0.000000
9980.000000, 0.000000, 0.000000
9990.000000, 2.000000, 0.000000
10000.000000, 0.000000, 0.000000
1.000000, 29000.000000
1.000000, 29000.000000
1.000000, 29000.000000
1.000000, 29000.000000
1.000000, 29000.000000
1.000000, 29000.000000
1.000000, 29000.000000
1.000000, 29000.000000
1.000000, 29000.000000
1.000000, 29000.000000
1.000000, 29000.000000
1.000000, 29000.000000
1.000000, 29000.000000
1.000000, 29000.000000
1.000000, 29000.000000
1.000000, 29000.000000
1.000000, 29000.000000
1.000000, 29000.000000
1.000000, 29000.000000
1.000000, 29000.000000
1.000000, 29000.000000
1.000000, 29000.000000
1.000000, 29000.000000
1.000000, 29000.000000
1.000000, 29000.000000
1.000000, 29000.000000
1.000000, 29000.000000
1.000000, 29000.000000
1.000000, 29000.000000
1.000000, 29000.000000
1.000000, 29000.000000
1.000000, 29000.000000
1.000000, 29000.000000
1.000000, 29000.000000
1.000000, 29000.000000
1.000000, 29000.000000
1.000000, 29000.000000
1.000000, 29000.000000
1.000000, 29000.000000
1.000000, 29000.000000
1.000000, 29000.000000
1.000000, 29000.000000
1.000000, 29000.000000
1.000000, 29000.000000
1.000000, 29000.000000
1.000000, 29000.000000
1.000000, 29000.000000
1.000000, 29000.000000
1.000000, 29000.000000
1.000000, 29000.000000
1.000000, 29000.000000
1.000000, 29000.000000
1.000000, 29000.000000
1.000000, 29000.000000
1.000000, 29000.000000
1.000000, 29000.000000
1.000000, 29000.000000
1.000000, 29000.000000
1.000000, 29000.000000
1.000000, 29000.000000
1.000000, 29000.000000
1.000000, 29000.000000
1.000000, 29000.000000
1.000000, 29000.000000
1.000000, 29000.000000
1.000000, 29000.000000
1.000000, 29000.000000
1.000000, 29000.000000
1.000000, 29000.000000
1.000000, 29000.000000
1.000000, 29000.000000
1.000000, 29000.000000
1.000000, 29000.000000
1.000000, 29000.000000
1.000000, 29000.000000
1.000000, 29000.000000
1.000000, 29000.000000
1.000000, 29000.000000
1.000000, 29000.000000
1.000000, 29000.000000
1.000000, 29000.000000
1.000000, 29000.000000
1.000000, 29000.000000
1.000000, 29000.000000
1.000000, 29000.000000
1.000000, 29000.000000
1.000000, 29000.000000
1.000000, 29000.000000
1.000000, 29000.000000
1.000000, 29000.000000
1.000000, 29000.000000
1.000000, 29000.000000
1.000000, 29000.000000
1.000000, 29000.000000
1.000000, 29000.000000
1.000000, 29000.000000
1.000000, 29000.000000
1.000000, 29000.000000
1.000000, 29000.000000
1.000000, 29000.000000
1.000000, 29000.000000
1.000000, 29000.000000
1.000000, 29000.000000
1.000000, 29000.000000
1.000000, 29000.000000
1.000000, 29000.000000
1.000000, 29000.000000
1.000000, 29000.000000
1.000000, 29000.000000
1.000000, 29000.000000
1.000000, 29000.000000
1.000000, 29000.000000
1.000000, 29000.000000
1.000000, 29000.000000
1.000000, 29000.000000
1.000000, 29000.000000
1.000000, 29000.000000
1.000000, 29000.000000
1.000000, 29000.000000
1.000000, 29000.000000
1.000000, 29000.000000
1.000000, 29000.000000
1.000000, 29000.000000
1.000000, 29000.000000
1.000000, 29000.000000
1.000000, 29000.000000
1.000000, 29000.000000
1.000000, 29000.000000
1.000000, 29000.000000
1.000000, 29000.000000
1.000000, 29000.000000
1.000000, 29000.000000
1.000000, 29000.000000
1.000000, 29000.000000
1.000000, 29000.000000
1.000000, 29000.000000
1.000000, 29000.000000
1.000000, 29000.000000
1.000000, 29000.000000
1.000000, 29000.000000
1.000000, 29000.000000
1.000000, 29000.000000
1.000000, 29000.000000
1.000000, 29000.000000
1.000000, 29000.000000
1.000000, 29000.000000
1.000000, 29000.000000
1.000000, 29000.000000
1.000000, 29000.000000
1.000000, 29000.000000
1.000000, 29000.000000
1.000000, 29000.000000
1.000000, 29000.000000
1.000000, 29000.000000
1.000000, 29000.000000
1.000000, 29000.000000
1.000000, 29000.000000
1.000000, 29000.000000
1.000000, 29000.000000
1.000000, 29000.000000
1.000000, 29000.000000
1.000000, 29000.000000
1.000000, 29000.000000
1.000000, 29000.000000
1.000000, 29000.000000
1.000000, 29000.000000
1.000000, 29000.000000
1.000000, 29000.000000
1.000000, 29000.000000
1.000000, 29000.000000
1.000000, 29000.000000
1.000000, 29000.000000
1.000000, 29000.000000
1.000000, 29000.000000
1.000000, 29000.000000
1.000000, 29000.000000
1.000000, 29000.000000
1.000000, 29000.000000
1.000000, 29000.000000
1.000000, 29000.000000
1.000000, 29000.000000
1.000000, 29000.000000
1.000000, 29000.000000
1.000000, 29000.000000
1.000000, 29000.000000
1.000000, 29000.000000
1.000000, 29000.000000
1.000000, 29000.000000
1.000000, 29000.000000
1.000000, 29000.000000
1.000000, 29000.000000
1.000000, 29000.000000
1.000000, 29000.000000
1.000000, 29000.000000
1.000000, 29000.000000
1.000000, 29000.000000
1.000000, 29000.000000
1.000000, 29000.000000
1.000000, 29000.000000
1.000000, 29000.000000
1.000000, 29000.000000
1.000000, 29000.000000
1.000000, 29000.000000
1.000000, 29000.000000
1.000000, 29000.000000
1.000000, 29000.000000
1.000000, 29000.000000
1.000000, 29000.000000
1.000000, 29000.000000
1.000000, 29000.000000
1.000000, 29000.000000
1.000000, 29000.000000
1.000000, 29000.000000
1.000000, 29000.000000
1.000000, 29000.000000
1.000000, 29000.000000
1.000000, 29000.000000
1.000000, 29000.000000
1.000000, 29000.000000
1.000000, 29000.000000
1.000000, 29000.000000
1.000000, 29000.000000
1.000000, 29000.000000
1.000000, 29000.000000
1.000000, 29000.000000
1.000000, 29000.000000
1.000000, 29000.000000
1.000000, 29000.000000
1.000000, 29000.000000
1.000000, 29000.000000
1.000000, 29000.000000
1.000000, 29000.000000
1.000000, 29000.000000
1.000000, 29000.000000
1.000000, 29000.000000
1.000000, 29000.000000
1.000000, 29000.000000
1.000000, 29000.000000
1.000000, 29000.000000
1.000000, 29000.000000
1.000000, 29000.000000
1.000000, 29000.000000
1.000000, 29000.000000
1.000000, 29000.000000
1.000000, 29000.000000
1.000000, 29000.000000
1.000000, 29000.000000
1.000000, 29000.000000
1.000000, 29000.000000
1.000000, 29000.000000
1.000000, 29000.000000
1.000000, 29000.000000
1.000000, 29000.000000
1.000000, 29000.000000
1.000000, 29000.000000
1.000000, 29000.000000
1.000000, 29000.000000
1.000000, 29000.000000
1.000000, 29000.000000
1.000000, 29000.000000
1.000000, 29000.000000
1.000000, 29000.000000
1.000000, 29000.000000
1.000000, 29000.000000
1.000000, 29000.000000
1.000000, 29000.000000
1.000000, 29000.000000
1.000000, 29000.000000
1.000000, 29000.000000
1.000000, 29000.000000
1.000000, 29000.000000
1.000000, 29000.000000
1.000000, 29000.000000
1.000000, 29000.000000
1.000000, 29000.000000
1.000000, 29000.000000
1.000000, 29000.000000
1.000000, 29000.000000
1.000000, 29000.000000
1.000000, 29000.000000
1.000000, 29000.000000
1.000000, 29000.000000
1.000000, 29000.000000
1.000000, 29000.000000
1.000000, 29000.000000
1.000000, 29000.000000
1.000000, 29000.000000
1.000000, 29000.000000
1.000000, 29000.000000
1.000000, 29000.000000
1.000000, 29000.000000
1.000000, 29000.000000
1.000000, 29000.000000
1.000000, 29000.000000
1.000000, 29000.000000
1.000000, 29000.000000
1.000000, 29000.000000
1.000000, 29000.000000
1.000000, 29000.000000
1.000000, 29000.000000
1.000000, 29000.000000
1.000000, 29000.000000
1.000000, 29000.000000
1.000000, 29000.000000
1.000000, 29000.000000
1.000000, 29000.000000
1.000000, 29000.000000
1.000000, 29000.000000
1.000000, 29000.000000
1.000000, 29000.000000
1.000000, 29000.000000
1.000000, 29000.000000
1.000000, 29000.000000
1.000000, 29000.000000
1.000000, 29000.000000
1.000000, 29000.000000
1.000000, 29000.000000
1.000000, 29000.000000
1.000000, 29000.000000
1.000000, 29000.000000
1.000000, 29000.000000
1.000000, 29000.000000
1.000000, 29000.000000
1.000000, 29000.000000
1.000000, 29000.000000
1.000000, 29000.000000
1.000000, 29000.000000
1.000000, 29000.000000
1.000000, 29000.000000
1.000000, 29000.000000
1.000000, 29000.000000
1.000000, 29000.000000
1.000000, 29000.000000
1.000000, 29000.000000
1.000000, 29000.000000
1.000000, 29000.000000
1.000000, 29000.000000
1.000000, 29000.000000
1.000000, 29000.000000
1.000000, 29000.000000
1.000000, 29000.000000
1.000000, 29000.000000
1.000000, 29000.000000
1.000000, 29000.000000
1.000000, 29000.000000
1.000000, 29000.000000
1.000000, 29000.000000
1.000000, 29000.000000
1.000000, 29000.000000
1.000000, 29000.000000
1.000000, 29000.000000
1.000000, 29000.000000
1.000000, 29000.000000
1.000000, 29000.000000
1.000000, 29000.000000
1.000000, 29000.000000
1.000000, 29000.000000
1.000000, 29000.000000
1.000000, 29000.000000
1.000000, 29000.000000
1.000000, 29000.000000
1.000000, 29000.000000
1.000000, 29000.000000
1.000000, 29000.000000
1.000000, 29000.000000
1.000000, 29000.000000
1.000000, 29000.000000
1.000000, 29000.000000
1.000000, 29000.000000
1.000000, 29000.000000
1.000000, 29000.000000
1.000000, 29000.000000
1.000000, 29000.000000
1.000000, 29000.000000
1.000000, 29000.000000
1.000000, 29000.000000
1.000000, 29000.000000
1.000000, 29000.000000
1.000000, 29000.000000
1.000000, 29000.000000
1.000000, 29000.000000
1.000000, 29000.000000
1.000000, 29000.000000
1.000000, 29000.000000
1.000000, 29000.000000
1.000000, 29000.000000
1.000000, 29000.000000
1.000000, 29000.000000
1.000000, 29000.000000
1.000000, 29000.000000
1.000000, 29000.000000
1.000000, 29000.000000
1.000000, 29000.000000
1.000000, 29000.000000
1.000000, 29000.000000
1.000000, 29000.000000
1.000000, 29000.000000
1.000000, 29000.000000
1.000000, 29000.000000
1.000000, 29000.000000
1.000000, 29000.000000
1.000000, 29000.000000
1.000000, 29000.000000
1.000000, 29000.000000
1.000000, 29000.000000
1.000000, 29000.000000
1.000000, 29000.000000
1.000000, 29000.000000
1.000000, 29000.000000
1.000000, 29000.000000
1.000000, 29000.000000
1.000000, 29000.000000
1.000000, 29000.000000
1.000000, 29000.000000
1.000000, 29000.000000
1.000000, 29000.000000
1.000000, 29000.000000
1.000000, 29000.000000
1.000000, 29000.000000
1.000000, 29000.000000
1.000000, 29000.000000
1.000000, 29000.000000
1.000000, 29000.000000
1.000000, 29000.000000
1.000000, 29000.000000
1.000000, 29000.000000
1.000000, 29000.000000
1.000000, 29000.000000
1.000000, 29000.000000
1.000000, 29000.000000
1.000000, 29000.000000
1.000000, 29000.000000
1.000000, 29000.000000
1.000000, 29000.000000
1.000000, 29000.000000
1.000000, 29000.000000
1.000000, 29000.000000
1.000000, 29000.000000
1.000000, 29000.000000
1.000000, 29000.000000
1.000000, 29000.000000
1.000000, 29000.000000
1.000000, 29000.000000
1.000000, 29000.000000
1.000000, 29000.000000
1.000000, 29000.000000
1.000000, 29000.000000
1.000000, 29000.000000
1.000000, 29000.000000
1.000000, 29000.000000
1.000000, 29000.000000
1.000000, 29000.000000
1.000000, 29000.000000
1.000000, 29000.000000
1.000000, 29000.000000
1.000000, 29000.000000
1.000000, 29000.000000
1.000000, 29000.000000
1.000000, 29000.000000
1.000000, 29000.000000
1.000000, 29000.000000
1.000000, 29000.000000
1.000000, 29000.000000
1.000000, 29000.000000
1.000000, 29000.000000
1.000000, 29000.000000
1.000000, 29000.000000
1.000000, 29000.000000
1.000000, 29000.000000
1.000000, 29000.000000
1.000000, 29000.000000
1.000000, 29000.000000
1.000000, 29000.000000
1.000000, 29000.000000
1.000000, 29000.000000
1.000000, 29000.000000
1.000000, 29000.000000
1.000000, 29000.000000
1.000000, 29000.000000
1.000000, 29000.000000
1.000000, 29000.000000
1.000000, 29000.000000
1.000000, 29000.000000
1.000000, 29000.000000
1.000000, 29000.000000
1.000000, 29000.000000
1.000000, 29000.000000
1.000000, 29000.000000
1.000000, 29000.000000
1.000000, 29000.000000
1.000000, 29000.000000
1.000000, 29000.000000
1.000000, 29000.000000
1.000000, 29000.000000
1.000000, 29000.000000
1.000000, 29000.000000
1.000000, 29000.000000
1.000000, 29000.000000
1.000000, 29000.000000
1.000000, 29000.000000
1.000000, 29000.000000
1.000000, 29000.000000
1.000000, 29000.000000
1.000000, 29000.000000
1.000000, 29000.000000
1.000000, 29000.000000
1.000000, 29000.000000
1.000000, 29000.000000
1.000000, 29000.000000
1.000000, 29000.000000
1.000000, 29000.000000
1.000000, 29000.000000
1.000000, 29000.000000
1.000000, 29000.000000
1.000000, 29000.000000
1.000000, 29000.000000
1.000000, 29000.000000
1.000000, 29000.000000
1.000000, 29000.000000
1.000000, 29000.000000
1.000000, 29000.000000
1.000000, 29000.000000
1.000000, 29000.000000
1.000000, 29000.000000
1.000000, 29000.000000
1.000000, 29000.000000
1.000000, 29000.000000
1.000000, 29000.000000
1.000000, 29000.000000
1.000000, 29000.000000
1.000000, 29000.000000
1.000000, 29000.000000
1.000000, 29000.000000
1.000000, 29000.000000
1.000000, 29000.000000
1.000000, 29000.000000
1.000000, 29000.000000
1.000000, 29000.000000
1.000000, 29000.000000
1.000000, 29000.000000
1.000000, 29000.000000
1.000000, 29000.000000
1.000000, 29000.000000
1.000000, 29000.000000
1.000000, 29000.000000
1.000000, 29000.000000
1.000000, 29000.000000
1.000000, 29000.000000
1.000000, 29000.000000
1.000000, 29000.000000
1.000000, 29000.000000
1.000000, 29000.000000
1.000000, 29000.000000
1.000000, 29000.000000
1.000000, 29000.000000
1.000000, 29000.000000
1.000000, 29000.000000
1.000000, 29000.000000
1.000000, 29000.000000
1.000000, 29000.000000
1.000000, 29000.000000
1.000000, 29000.000000
1.000000, 29000.000000
1.000000, 29000.000000
1.000000, 29000.000000
1.000000, 29000.000000
1.000000, 29000.000000
1.000000, 29000.000000
1.000000, 29000.000000
1.000000, 29000.000000
1.000000, 29000.000000
1.000000, 29000.000000
1.000000, 29000.000000
1.000000, 29000.000000
1.000000, 29000.000000
1.000000, 29000.000000
1.000000, 29000.000000
1.000000, 29000.000000
1.000000, 29000.000000
1.000000, 29000.000000
1.000000, 29000.000000
1.000000, 29000.000000
1.000000, 29000.000000
1.000000, 29000.000000
1.000000, 29000.000000
1.000000, 29000.000000
1.000000, 29000.000000
1.000000, 29000.000000
1.000000, 29000.000000
1.000000, 29000.000000
1.000000, 29000.000000
1.000000, 29000.000000
1.000000, 29000.000000
1.000000, 29000.000000
1.000000, 29000.000000
1.000000, 29000.000000
1.000000, 29000.000000
1.000000, 29000.000000
1.000000, 29000.000000
1.000000, 29000.000000
1.000000, 29000.000000
1.000000, 29000.000000
1.000000, 29000.000000
1.000000, 29000.000000
1.000000, 29000.000000
1.000000, 29000.000000
1.000000, 29000.000000
1.000000, 29000.000000
1.000000, 29000.000000
1.000000, 29000.000000
1.000000, 29000.000000
1.000000, 29000.000000
1.000000, 29000.000000
1.000000, 29000.000000
1.000000, 29000.000000
1.000000, 29000.000000
1.000000, 29000.000000
1.000000, 29000.000000
1.000000, 29000.000000
1.000000, 29000.000000
1.000000, 29000.000000
1.000000, 29000.000000
1.000000, 29000.000000
1.000000, 29000.000000
1.000000, 29000.000000
1.000000, 29000.000000
1.000000, 29000.000000
1.000000, 29000.000000
1.000000, 29000.000000
1.000000, 29000.000000
1.000000, 29000.000000
1.000000, 29000.000000
1.000000, 29000.000000
1.000000, 29000.000000
1.000000, 29000.000000
1.000000, 29000.000000
1.000000, 29000.000000
1.000000, 29000.000000
1.000000, 29000.000000
1.000000, 29000.000000
1.000000, 29000.000000
1.000000, 29000.000000
1.000000, 29000.000000
1.000000, 29000.000000
1.000000, 29000.000000
1.000000, 29000.000000
1.000000, 29000.000000
1.000000, 29000.000000
1.000000, 29000.000000
1.000000, 29000.000000
1.000000, 29000.000000
1.000000, 29000.000000
1.000000, 29000.000000
1.000000, 29000.000000
1.000000, 29000.000000
1.000000, 29000.000000
1.000000, 29000.000000
1.000000, 29000.000000
1.000000, 29000.000000
1.000000, 29000.000000
1.000000, 29000.000000
1.000000, 29000.000000
1.000000, 29000.000000
1.000000, 29000.000000
1.000000, 29000.000000
1.000000, 29000.000000
1.000000, 29000.000000
1.000000, 29000.000000
1.000000, 29000.000000
1.000000, 29000.000000
1.000000, 29000.000000
1.000000, 29000.000000
1.000000, 29000.000000
1.000000, 29000.000000
1.000000, 29000.000000
1.000000, 29000.000000
1.000000, 29000.000000
1.000000, 29000.000000
1.000000, 29000.000000
1.000000, 29000.000000
1.000000, 29000.000000
1.000000, 29000.000000
1.000000, 29000.000000
1.000000, 29000.000000
1.000000, 29000.000000
1.000000, 29000.000000
1.000000, 29000.000000
1.000000, 29000.000000
1.000000, 29000.000000
1.000000, 29000.000000
1.000000, 29000.000000
1.000000, 29000.000000
1.000000, 29000.000000
1.000000, 29000.000000
1.000000, 29000.000000
1.000000, 29000.000000
1.000000, 29000.000000
1.000000, 29000.000000
1.000000, 29000.000000
1.000000, 29000.000000
1.000000, 29000.000000
1.000000, 29000.000000
1.000000, 29000.000000
1.000000, 29000.000000
1.000000, 29000.000000
1.000000, 29000.000000
1.000000, 29000.000000
1.000000, 29000.000000
1.000000, 29000.000000
1.000000, 29000.000000
1.000000, 29000.000000
1.000000, 29000.000000
1.000000, 29000.000000
1.000000, 29000.000000
1.000000, 29000.000000
1.000000, 29000.000000
1.000000, 29000.000000
1.000000, 29000.000000
1.000000, 29000.000000
1.000000, 29000.000000
1.000000, 29000.000000
1.000000, 29000.000000
1.000000, 29000.000000
1.000000, 29000.000000
1.000000, 29000.000000
1.000000, 29000.000000
1.000000, 29000.000000
1.000000, 29000.000000
1.000000, 29000.000000
1.000000, 29000.000000
1.000000, 29000.000000
1.000000, 29000.000000
1.000000, 29000.000000
1.000000, 29000.000000
1.000000, 29000.000000
1.000000, 29000.000000
1.000000, 29000.000000
1.000000, 29000.000000
1.000000, 29000.000000
1.000000, 29000.000000
1.000000, 29000.000000
1.000000, 29000.000000
1.000000, 29000.000000
1.000000, 29000.000000
1.000000, 29000.000000
1.000000, 29000.000000
1.000000, 29000.000000
1.000000, 29000.000000
1.000000, 29000.000000
1.000000, 29000.000000
1.000000, 29000.000000
1.000000, 29000.000000
1.000000, 29000.000000
1.000000, 29000.000000
1.000000, 29000.000000
1.000000, 29000.000000
1.000000, 29000.000000
1.000000, 29000.000000
1.000000, 29000.000000
1.000000, 29000.000000
1.000000, 29000.000000
1.000000, 29000.000000
1.000000, 29000.000000
1.000000, 29000.000000
1.000000, 29000.000000
1.000000, 29000.000000
1.000000, 29000.000000
1.000000, 29000.000000
1.000000, 29000.000000
1.000000, 29000.000000
1.000000, 29000.000000
1.000000, 29000.000000
1.000000, 29000.000000
1.000000, 29000.000000
1.000000, 29000.000000
1.000000, 29000.000000
1.000000, 29000.000000
1.000000, 29000.000000
1.000000, 29000.000000
1.000000, 29000.000000
1.000000, 29000.000000
1.000000, 29000.000000
1.000000, 29000.000000
1.000000, 29000.000000
1.000000, 29000.000000
1.000000, 29000.000000
1.000000, 29000.000000
1.000000, 29000.000000
1.000000, 29000.000000
1.000000, 29000.000000
1.000000, 29000.000000
1.000000, 29000.000000
1.000000, 29000.000000
1.000000, 29000.000000
1.000000, 29000.000000
1.000000, 29000.000000
1.000000, 29000.000000
1.000000, 29000.000000
1.000000, 29000.000000
1.000000, 29000.000000
1.000000, 29000.000000
1.000000, 29000.000000
1.000000, 29000.000000
1.000000, 29000.000000
1.000000, 29000.000000
1.000000, 29000.000000
1.000000, 29000.000000
1.000000, 29000.000000
1.000000, 29000.000000
1.000000, 29000.000000
1.000000, 29000.000000
1.000000, 29000.000000
1.000000, 29000.000000
1.000000, 29000.000000
1.000000, 29000.000000
1.000000, 29000.000000
1.000000, 29000.000000
1.000000, 29000.000000
1.000000, 29000.000000
1.000000, 29000.000000
1.000000, 29000.000000
1.000000, 29000.000000
1.000000, 29000.000000
1.000000, 29000.000000
1.000000, 29000.000000
1.000000, 29000.000000
1.000000, 29000.000000
1.000000, 29000.000000
1.000000, 29000.000000
1.000000, 29000.000000
1.000000, 29000.000000
1.000000, 29000.000000
1.000000, 29000.000000
1.000000, 29000.000000
1.000000, 29000.000000
1.000000, 29000.000000
1.000000, 29000.000000
1.000000, 29000.000000
1.000000, 29000.000000
1.000000, 29000.000000
1.000000, 29000.000000
1.000000, 29000.000000
1.000000, 29000.000000
1.000000, 29000.000000
1.000000, 29000.000000
1.000000, 29000.000000
1.000000, 29000.000000
1.000000, 29000.000000
1.000000, 29000.000000
1.000000, 29000.000000
1.000000, 29000.000000
1.000000, 29000.000000
1.000000, 29000.000000
1.000000, 29000.000000
1.000000, 29000.000000
1.000000, 29000.000000
1.000000, 29000.000000
1.000000, 29000.000000
1.000000, 29000.000000
1.000000, 29000.000000
1.000000, 29000.000000
1.000000, 29000.000000
1.000000, 29000.000000
1.000000, 29000.000000
1.000000, 29000.000000
1.000000, 29000.000000
1.000000, 29000.000000
1.000000, 29000.000000
1.000000, 29000.000000
1.000000, 29000.000000
1.000000, 29000.000000
1.000000, 29000.000000
1.000000, 29000.000000
1.000000, 29000.000000
1.000000, 29000.000000
1.000000, 29000.000000
1.000000, 29000.000000
1.000000, 29000.000000
1.000000, 29000.000000
1.000000, 29000.000000
1.000000, 29000.000000
1.000000, 29000.000000
1.000000, 29000.000000
1.000000, 29000.000000
1.000000, 29000.000000
1.000000, 29000.000000
1.000000, 29000.000000
1.000000, 29000.000000
1.000000, 29000.000000
1.000000, 29000.000000
1.000000, 29000.000000
1.000000, 29000.000000
1.000000, 29000.000000
1.000000, 29000.000000
1.000000, 29000.000000
1.000000, 29000.000000
1.000000, 29000.000000
1.000000, 29000.000000
1.000000, 29000.000000
1.000000, 29000.000000
1.000000, 29000.000000
1.000000, 29000.000000
1.000000, 29000.000000
1.000000, 29000.000000
1.000000, 29000.000000
1.000000, 29000.000000
1.000000, 29000.000000
1.000000, 29000.000000
1.000000, 29000.000000
1.000000, 29000.000000
1.000000, 29000.000000
1.000000, 29000.000000
1.000000, 29000.000000
1.000000, 29000.000000
1.000000, 29000.000000
1.000000, 29000.000000
1.000000, 29000.000000
1.000000, 29000.000000
1.000000, 29000.000000
1.000000, 29000.000000
1.000000, 29000.000000
1.000000, 29000.000000
1.000000, 29000.000000
1.000000, 29000.000000
1.000000, 29000.000000
1.000000, 29000.000000
1.000000, 29000.000000
1.000000, 29000.000000
1.000000, 29000.000000
1.000000, 29000.000000
1.000000, 29000.000000
1.000000, 29000.000000
1.000000, 29000.000000
1.000000, 29000.000000
1.000000, 29000.000000
1.000000, 29000.000000
1.000000, 29000.000000
1.000000, 29000.000000
1.000000, 29000.000000
1.000000, 29000.000000
1.000000, 29000.000000
1.000000, 29000.000000
1.000000, 29000.000000
1.000000, 29000.000000
1.000000, 29000.000000
1.000000, 29000.000000
1.000000, 29000.000000
1.000000, 29000.000000
1.000000, 29000.000000
1.000000, 29000.000000
1.000000, 29000.000000
1.000000, 29000.000000
1.000000, 29000.000000
1.000000, 29000.000000
1.000000, 29000.000000
1.000000, 29000.000000
1.000000, 29000.000000
1.000000, 29000.000000
1.000000, 29000.000000
1.000000, 29000.000000
1.000000, 29000.000000
1.000000, 29000.000000
1.000000, 29000.000000
1.000000, 29000.000000
1.000000, 29000.000000
1.000000, 29000.000000
1.000000, 29000.000000
1.000000, 29000.000000
1.000000, 29000.000000
1.000000, 29000.000000
1.000000, 29000.000000
1.000000, 29000.000000
1.000000, 29000.000000
1.000000, 29000.000000
1.000000, 29000.000000
1.000000, 29000.000000
1.000000, 29000.000000
1.000000, 29000.000000
1.000000, 29000.000000
1.000000, 29000.000000
1.000000, 29000.000000
1.000000, 29000.000000
1.000000, 29000.000000
1.000000, 29000.000000
1.000000, 29000.000000
1.000000, 29000.000000
1.000000, 29000.000000
1.000000, 29000.000000
1.000000, 29000.000000
1.000000, 29000.000000
1.000000, 29000.000000
1.000000, 29000.000000
1.000000, 29000.000000
1.000000, 29000.000000
1.000000, 29000.000000
1.000000, 29000.000000
1.000000, 29000.000000
1.000000, 29000.000000
1.000000, 29000.000000
1.000000, 29000.000000
2, 2, -10.000000
4, 2, -10.000000
6, 2, -10.000000
8, 2, -10.000000
10, 2, -10.000000
12, 2, -10.000000
14, 2, -10.000000
16, 2, -10.000000
18, 2, -10.000000
20, 2, -10.000000
22, 2, -10.000000
24, 2, -10.000000
26, 2, -10.000000
28, 2, -10.000000
30, 2, -10.000000
32, 2, -10.000000
34, 2, -10.000000
36, 2, -10.000000
38, 2, -10.000000
40, 2, -10.000000
42, 2, -10.000000
44, 2, -10.000000
46, 2, -10.000000
48, 2, -10.000000
50, 2, -10.000000
52, 2, -10.000000
54, 2, -10.000000
56, 2, -10.000000
58, 2, -10.000000
60, 2, -10.000000
62, 2, -10.000000
64, 2, -10.000000
66, 2, -10.000000
68, 2, -10.000000
70, 2, -10.000000
72, 2, -10.000000
74, 2, -10.000000
76, 2, -10.000000
78, 2, -10.000000
80, 2, -10.000000
82, 2, -10.000000
84, 2, -10.000000
86, 2, -10.000000
88, 2, -10.000000
90, 2, -10.000000
92, 2, -10.000000
94, 2, -10.000000
96, 2, -10.000000
98, 2, -10.000000
100, 2, -10.000000
102, 2, -10.000000
104, 2, -10.000000
106, 2, -10.000000
108, 2, -10.000000
110, 2, -10.000000
112, 2, -10.000000
114, 2, -10.000000
116, 2, -10.000000
118, 2, -10.000000
120, 2, -10.000000
122, 2, -10.000000
124, 2, -10.000000
126, 2, -10.000000
128, 2, -10.000000
130, 2, -10.000000
132, 2, -10.000000
134, 2, -10.000000
136, 2, -10.000000
138, 2, -10.000000
140, 2, -10.000000
142, 2, -10.000000
144, 2, -10.000000
146, 2, -10.000000
148, 2, -10.000000
150, 2, -10.000000
152, 2, -10.000000
154, 2, -10.000000
156, 2, -10.000000
158, 2, -10.000000
160, 2, -10.000000
162, 2, -10.000000
164, 2, -10.000000
166, 2, -10.000000
168, 2, -10.000000
170, 2, -10.000000
172, 2, -10.000000
174, 2, -10.000000
176, 2, -10.000000
178, 2, -10.000000
180, 2, -10.000000
182, 2, -10.000000
184, 2, -10.000000
186, 2, -10.000000
188, 2, -10.000000
190, 2, -10.000000
192, 2, -10.000000
194, 2, -10.000000
196, 2, -10.000000
198, 2, -10.000000
200, 2, -10.000000
202, 2, -10.000000
204, 2, -10.000000
206, 2, -10.000000
208, 2, -10.000000
210, 2, -10.000000
212, 2, -10.000000
214, 2, -10.000000
216, 2, -10.000000
218, 2, -10.000000
220, 2, -10.000000
222, 2, -10.000000
224, 2, -10.000000
226, 2, -10.000000
228, 2, -10.000000
230, 2, -10.000000
232, 2, -10.000000
234, 2, -10.000000
236, 2, -10.000000
238, 2, -10.000000
240, 2, -10.000000
242, 2, -10.000000
244, 2, -10.000000
246, 2, -10.000000
248, 2, -10.000000
250, 2, -10.000000
252, 2, -10.000000
254, 2, -10.000000
256, 2, -10.000000
258, 2, -10.000000
260, 2, -10.000000
262, 2, -10.000000
264, 2, -10.000000
266, 2, -10.000000
268, 2, -10.000000
270, 2, -10.000000
272, 2, -10.000000
274, 2, -10.000000
276, 2, -10.000000
278, 2, -10.000000
280, 2, -10.000000
282, 2, -10.000000
284, 2, -10.000000
286, 2, -10.000000
288, 2, -10.000000
290, 2, -10.000000
292, 2, -10.000000
294, 2, -10.000000
296, 2, -10.000000
298, 2, -10.000000
300, 2, -10.000000
302, 2, -10.000000
304, 2, -10.000000
306, 2, -10.000000
308, 2, -10.000000
310, 2, -10.000000
312, 2, -10.000000
314, 2, -10.000000
316, 2, -10.000000
318, 2, -10.000000
320, 2, -10.000000
322, 2, -10.000000
324, 2, -10.000000
326, 2, -10.000000
328, 2, -10.000000
330, 2, -10.000000
332, 2, -10.000000
334, 2, -10.000000
336, 2, -10.000000
338, 2, -10.000000
340, 2, -10.000000
342, 2, -10.000000
344, 2, -10.000000
346, 2, -10.000000
348, 2, -10.000000
350, 2, -10.000000
352, 2, -10.000000
354, 2, -10.000000
356, 2, -10.000000
358, 2, -10.000000
360, 2, -10.000000
362, 2, -10.000000
364, 2, -10.000000
366, 2, -10.000000
368, 2, -10.000000
370, 2, -10.000000
372, 2, -10.000000
374, 2, -10.000000
376, 2, -10.000000
378, 2, -10.000000
380, 2, -10.000000
382, 2, -10.000000
384, 2, -10.000000
386, 2, -10.000000
388, 2, -10.000000
390, 2, -10.000000
392, 2, -10.000000
394, 2, -10.000000
396, 2, -10.000000
398, 2, -10.000000
400, 2, -10.000000
402, 2, -10.000000
404, 2, -10.000000
406, 2, -10.000000
408, 2, -10.000000
410, 2, -10.000000
412, 2, -10.000000
414, 2, -10.000000
416, 2, -10.000000
418, 2, -10.000000
420, 2, -10.000000
422, 2, -10.000000
424, 2, -10.000000
426, 2, -10.000000
428, 2, -10.000000
430, 2, -10.000000
432, 2, -10.000000
434, 2, -10.000000
436, 2, -10.000000
438, 2, -10.000000
440, 2, -10.000000
442, 2, -10.000000
444, 2, -10.000000
446, 2, -10.000000
448, 2, -10.000000
450, 2, -10.000000
452, 2, -10.000000
454, 2, -10.000000
456, 2, -10.000000
458, 2, -10.000000
460, 2, -10.000000
462, 2, -10.000000
464, 2, -10.000000
466, 2, -10.000000
468, 2, -10.000000
470, 2, -10.000000
472, 2, -10.000000
474, 2, -10.000000
476, 2, -10.000000
478, 2, -10.000000
480, 2, -10.000000
482, 2, -10.000000
484, 2, -10.000000
486, 2, -10.000000
488, 2, -10.000000
490, 2, -10.000000
492, 2, -10.000000
494, 2, -10.000000
496, 2, -10.000000
498, 2, -10.000000
500, 2, -10.000000
502, 2, -10.000000
504, 2, -10.000000
506, 2, -10.000000
508, 2, -10.000000
510, 2, -10.000000
512, 2, -10.000000
514, 2, -10.000000
516, 2, -10.000000
518, 2, -10.000000
520, 2, -10.000000
522, 2, -10.000000
524, 2, -10.000000
526, 2, -10.000000
528, 2, -10.000000
530, 2, -10.000000
532, 2, -10.000000
534, 2, -10.000000
536, 2, -10.000000
538, 2, -10.000000
540, 2, -10.000000
542, 2, -10.000000
544, 2, -10.000000
546, 2, -10.000000
548, 2, -10.000000
550, 2, -10.000000
552, 2, -10.000000
554, 2, -10.000000
556, 2, -10.000000
558, 2, -10.000000
560, 2, -10.000000
562, 2, -10.000000
564, 2, -10.000000
566, 2, -10.000000
568, 2, -10.000000
570, 2, -10.000000
572, 2, -10.000000
574, 2, -10.000000
576, 2, -10.000000
578, 2, -10.000000
580, 2, -10.000000
582, 2, -10.000000
584, 2, -10.000000
586, 2, -10.000000
588, 2, -10.000000
590, 2, -10.000000
592, 2, -10.000000
594, 2, -10.000000
596, 2, -10.000000
598, 2, -10.000000
600, 2, -10.000000
602, 2, -10.000000
604, 2, -10.000000
606, 2, -10.000000
608, 2, -10.000000
610, 2, -10.000000
612, 2, -10.000000
614, 2, -10.000000
616, 2, -10.000000
618, 2, -10.000000
620, 2, -10.000000
622, 2, -10.000000
624, 2, -10.000000
626, 2, -10.000000
628, 2, -10.000000
630, 2, -10.000000
632, 2, -10.000000
634, 2, -10.000000
636, 2, -10.000000
638, 2, -10.000000
640, 2, -10.000000
642, 2, -10.000000
644, 2, -10.000000
646, 2, -10.000000
648, 2, -10.000000
650, 2, -10.000000
652, 2, -10.000000
654, 2, -10.000000
656, 2, -10.000000
658, 2, -10.000000
660, 2, -10.000000
662, 2, -10.000000
664, 2, -10.000000
666, 2, -10.000000
668, 2, -10.000000
670, 2, -10.000000
672, 2, -10.000000
674, 2, -10.000000
676, 2, -10.000000
678, 2, -10.000000
680, 2, -10.000000
682, 2, -10.000000
684, 2, -10.000000
686, 2, -10.000000
688, 2, -10.000000
690, 2, -10.000000
692, 2, -10.000000
694, 2, -10.000000
696, 2, -10.000000
698, 2, -10.000000
700, 2, -10.000000
702, 2, -10.000000
704, 2, -10.000000
706, 2, -10.000000
708, 2, -10.000000
710, 2, -10.000000
712, 2, -10.000000
714, 2, -10.000000
716, 2, -10.000000
718, 2, -10.000000
720, 2, -10.000000
722, 2, -10.000000
724, 2, -10.000000
726, 2, -10.000000
728, 2, -10.000000
730, 2, -10.000000
732, 2, -10.000000
734, 2, -10.000000
736, 2, -10.000000
738, 2, -10.000000
740, 2, -10.000000
742, 2, -10.000000
744, 2, -10.000000
746, 2, -10.000000
748, 2, -10.000000
750, 2, -10.000000
752, 2, -10.000000
754, 2, -10.000000
756, 2, -10.000000
758, 2, -10.000000
760, 2, -10.000000
762, 2, -10.000000
764, 2, -10.000000
766, 2, -10.000000
768, 2, -10.000000
770, 2, -10.000000
772, 2, -10.000000
774, 2, -10.000000
776, 2, -10.000000
778, 2, -10.000000
780, 2, -10.000000
782, 2, -10.000000
784, 2, -10.000000
786, 2, -10.000000
788, 2, -10.000000
790, 2, -10.000000
792, 2, -10.000000
794, 2, -10.000000
796, 2, -10.000000
798, 2, -10.000000
800, 2, -10.000000
802, 2, -10.000000
804, 2, -10.000000
806, 2, -10.000000
808, 2, -10.000000
810, 2, -10.000000
812, 2, -10.000000
814, 2, -10.000000
816, 2, -10.000000
818, 2, -10.000000
820, 2, -10.000000
822, 2, -10.000000
824, 2, -10.000000
826, 2, -10.000000
828, 2, -10.000000
830, 2, -10.000000
832, 2, -10.000000
834, 2, -10.000000
836, 2, -10.000000
838, 2, -10.000000
840, 2, -10.000000
842, 2, -10.000000
844, 2, -10.000000
846, 2, -10.000000
848, 2, -10.000000
850, 2, -10.000000
852, 2, -10.000000
854, 2, -10.000000
856, 2, -10.000000
858, 2, -10.000000
860, 2, -10.000000
862, 2, -10.000000
864, 2, -10.000000
866, 2, -10.000000
868, 2, -10.000000
870, 2, -10.000000
872, 2, -10.000000
874, 2, -10.000000
876, 2, -10.000000
878, 2, -10.000000
880, 2, -10.000000
882, 2, -10.000000
884, 2, -10.000000
886, 2, -10.000000
888, 2, -10.000000
890, 2, -10.000000
892, 2, -10.000000
894, 2, -10.000000
896, 2, -10.000000
898, 2, -10.000000
900, 2, -10.000000
902, 2, -10.000000
904, 2, -10.000000
906, 2, -10.000000
908, 2, -10.000000
910, 2, -10.000000
912, 2, -10.000000
914, 2, -10.000000
916, 2, -10.000000
918, 2, -10.000000
920, 2, -10.000000
922, 2, -10.000000
924, 2, -10.000000
926, 2, -10.000000
928, 2, -10.000000
930, 2, -10.000000
932, 2, -10.000000
934, 2, -10.000000
936, 2, -10.000000
938, 2, -10.000000
940, 2, -10.000000
942, 2, -10.000000
944, 2, -10.000000
946, 2, -10.000000
948, 2, -10.000000
950, 2, -10.000000
952, 2, -10.000000
954, 2, -10.000000
956, 2, -10.000000
958, 2, -10.000000
960, 2, -10.000000
962, 2, -10.000000
964, 2, -10.000000
966, 2, -10.000000
968, 2, -10.000000
970, 2, -10.000000
972, 2, -10.000000
974, 2, -10.000000
976, 2, -10.000000
978, 2, -10.000000
980, 2, -10.000000
982, 2, -10.000000
984, 2, -10.000000
986, 2, -10.000000
988, 2, -10.000000
990, 2, -10.000000
992, 2, -10.000000
994, 2, -10.000000
996, 2, -10.000000
998, 2, -10.000000
1000, 2, -10.000000
0, 0, 0
