100, 5.150000e+01
1, 2
2, 3
3, 4
4, 5
5, 6
6, 7
7, 8
8, 9
9, 10
10, 11
11, 12
12, 13
13, 14
14, 15
15, 16
16, 17
17, 18
18, 19
19, 20
20, 21
21, 22
22, 23
23, 24
24, 25
25, 26
26, 27
27, 28
28, 29
29, 30
30, 31
31, 32
32, 33
33, 34
34, 35
35, 36
36, 37
37, 38
38, 39
39, 40
40, 41
41, 42
42, 43
43, 44
44, 45
45, 46
46, 47
47, 48
48, 49
49, 50
50, 51
1, 3
2, 4
3, 5
4, 6
5, 7
6, 8
7, 9
8, 10
9, 11
10, 12
11, 13
12, 14
13, 15
14, 16
15, 17
16, 18
17, 19
18, 20
19, 21
20, 22
21, 23
22, 24
23, 25
24, 26
25, 27
2, 4
3, 5
4, 6
5, 7
6, 8
7, 9
8, 10
9, 11
10, 12
11, 13
12, 14
13, 15
14, 16
15, 17
16, 18
17, 19
18, 20
19, 21
20, 22
21, 23
22, 24
23, 25
24, 26
25, 27
1, 1
1, 2
1, 3
1, 2
3, 2
5, 2
7, 2
9, 2
11, 2
13, 2
15, 2
17, 2
19, 2
21, 2
23, 2
25, 2
27, 2
29, 2
31, 2
33, 2
35, 2
37, 2
39, 2
41, 2
43, 2
45, 2
47, 2
49, 2
51, 2
0, 0
0, 0, 0
10, 2, 0
20, 0, 0
30, 2, 0
40, 0, 0
50, 2, 0
60, 0, 0
70, 2, 0
80, 0, 0
90, 2, 0
100, 0, 0
110, 2, 0
120, 0, 0
130, 2, 0
140, 0, 0
150, 2, 0
160, 0, 0
170, 2, 0
180, 0, 0
190, 2, 0
200, 0, 0
210, 2, 0
220, 0, 0
230, 2, 0
240, 0, 0
250, 2, 0
260, 0, 0
270, 2, 0
280, 0, 0
290, 2, 0
300, 0, 0
310, 2, 0
320, 0, 0
330, 2, 0
340, 0, 0
350, 2, 0
360, 0, 0
370, 2, 0
380, 0, 0
390, 2, 0
400, 0, 0
410, 2, 0
420, 0, 0
430, 2, 0
440, 0, 0
450, 2, 0
460, 0, 0
470, 2, 0
480, 0, 0
490, 2, 0
500, 0, 0
1, 29000
1, 29000
1, 29000
1, 29000
1, 29000
1, 29000
1, 29000
1, 29000
1, 29000
1, 29000
1, 29000
1, 29000
1, 29000
1, 29000
1, 29000
1, 29000
1, 29000
1, 29000
1, 29000
1, 29000
1, 29000
1, 29000
1, 29000
1, 29000
1, 29000
1, 29000
1, 29000
1, 29000
1, 29000
1, 29000
1, 29000
1, 29000
1, 29000
1, 29000
1, 29000
1, 29000
1, 29000
1, 29000
1, 29000
1, 29000
1, 29000
1, 29000
1, 29000
1, 29000
1, 29000
1, 29000
1, 29000
1, 29000
1, 29000
1, 29000
1, 29000
1, 29000
1, 29000
1, 29000
1, 29000
1, 29000
1, 29000
1, 29000
1, 29000
1, 29000
1, 29000
1, 29000
1, 29000
1, 29000
1, 29000
1, 29000
1, 29000
1, 29000
1, 29000
1, 29000
1, 29000
1, 29000
1, 29000
1, 29000
1, 29000
1, 29000
1, 29000
1, 29000
1, 29000
1, 29000
1, 29000
1, 29000
1, 29000
1, 29000
1, 29000
1, 29000
1, 29000
1, 29000
1, 29000
1, 29000
1, 29000
1, 29000
1, 29000
1, 29000
1, 29000
1, 29000
1, 29000
1, 29000
1, 29000
1, 29000
2, 2, -10
4, 2, -10
6, 2, -10
8, 2, -10
10, 2, -10
12, 2, -10
14, 2, -10
16, 2, -10
18, 2, -10
20, 2, -10
22, 2, -10
24, 2, -10
26, 2, -10
28, 2, -10
30, 2, -10
32, 2, -10
34, 2, -10
36, 2, -10
38, 2, -10
40, 2, -10
42, 2, -10
44, 2, -10
46, 2, -10
48, 2, -10
50, 2, -10
0, 0, 0
2, 0.1, 0.1 200 0.001, 0.001