2999, 1501
1, 2
2, 3
3, 4
4, 5
5, 6
6, 7
7, 8
8, 9
9, 10
10, 11
11, 12
12, 13
13, 14
14, 15
15, 16
16, 17
17, 18
18, 19
19, 20
20, 21
21, 22
22, 23
23, 24
24, 25
25, 26
26, 27
27, 28
28, 29
29, 30
30, 31
31, 32
32, 33
33, 34
34, 35
35, 36
36, 37
37, 38
38, 39
39, 40
40, 41
41, 42
42, 43
43, 44
44, 45
45, 46
46, 47
47, 48
48, 49
49, 50
50, 51
51, 52
52, 53
53, 54
54, 55
55, 56
56, 57
57, 58
58, 59
59, 60
60, 61
61, 62
62, 63
63, 64
64, 65
65, 66
66, 67
67, 68
68, 69
69, 70
70, 71
71, 72
72, 73
73, 74
74, 75
75, 76
76, 77
77, 78
78, 79
79, 80
80, 81
81, 82
82, 83
83, 84
84, 85
85, 86
86, 87
87, 88
88, 89
89, 90
90, 91
91, 92
92, 93
93, 94
94, 95
95, 96
96, 97
97, 98
98, 99
99, 100
100, 101
101, 102
102, 103
103, 104
104, 105
105, 106
106, 107
107, 108
108, 109
109, 110
110, 111
111, 112
112, 113
113, 114
114, 115
115, 116
116, 117
117, 118
118, 119
119, 120
120, 121
121, 122
122, 123
123, 124
124, 125
125, 126
126, 127
127, 128
128, 129
129, 130
130, 131
131, 132
132, 133
133, 134
134, 135
135, 136
136, 137
137, 138
138, 139
139, 140
140, 141
141, 142
142, 143
143, 144
144, 145
145, 146
146, 147
147, 148
148, 149
149, 150
150, 151
151, 152
152, 153
153, 154
154, 155
155, 156
156, 157
157, 158
158, 159
159, 160
160, 161
161, 162
162, 163
163, 164
164, 165
165, 166
166, 167
167, 168
168, 169
169, 170
170, 171
171, 172
172, 173
173, 174
174, 175
175, 176
176, 177
177, 178
178, 179
179, 180
180, 181
181, 182
182, 183
183, 184
184, 185
185, 186
186, 187
187, 188
188, 189
189, 190
190, 191
191, 192
192, 193
193, 194
194, 195
195, 196
196, 197
197, 198
198, 199
199, 200
200, 201
201, 202
202, 203
203, 204
204, 205
205, 206
206, 207
207, 208
208, 209
209, 210
210, 211
211, 212
212, 213
213, 214
214, 215
215, 216
216, 217
217, 218
218, 219
219, 220
220, 221
221, 222
222, 223
223, 224
224, 225
225, 226
226, 227
227, 228
228, 229
229, 230
230, 231
231, 232
232, 233
233, 234
234, 235
235, 236
236, 237
237, 238
238, 239
239, 240
240, 241
241, 242
242, 243
243, 244
244, 245
245, 246
246, 247
247, 248
248, 249
249, 250
250, 251
251, 252
252, 253
253, 254
254, 255
255, 256
256, 257
257, 258
258, 259
259, 260
260, 261
261, 262
262, 263
263, 264
264, 265
265, 266
266, 267
267, 268
268, 269
269, 270
270, 271
271, 272
272, 273
273, 274
274, 275
275, 276
276, 277
277, 278
278, 279
279, 280
280, 281
281, 282
282, 283
283, 284
284, 285
285, 286
286, 287
287, 288
288, 289
289, 290
290, 291
291, 292
292, 293
293, 294
294, 295
295, 296
296, 297
297, 298
298, 299
299, 300
300, 301
301, 302
302, 303
303, 304
304, 305
305, 306
306, 307
307, 308
308, 309
309, 310
310, 311
311, 312
312, 313
313, 314
314, 315
315, 316
316, 317
317, 318
318, 319
319, 320
320, 321
321, 322
322, 323
323, 324
324, 325
325, 326
326, 327
327, 328
328, 329
329, 330
330, 331
331, 332
332, 333
333, 334
334, 335
335, 336
336, 337
337, 338
338, 339
339, 340
340, 341
341, 342
342, 343
343, 344
344, 345
345, 346
346, 347
347, 348
348, 349
349, 350
350, 351
351, 352
352, 353
353, 354
354, 355
355, 356
356, 357
357, 358
358, 359
359, 360
360, 361
361, 362
362, 363
363, 364
364, 365
365, 366
366, 367
367, 368
368, 369
369, 370
370, 371
371, 372
372, 373
373, 374
374, 375
375, 376
376, 377
377, 378
378, 379
379, 380
380, 381
381, 382
382, 383
383, 384
384, 385
385, 386
386, 387
387, 388
388, 389
389, 390
390, 391
391, 392
392, 393
393, 394
394, 395
395, 396
396, 397
397, 398
398, 399
399, 400
400, 401
401, 402
402, 403
403, 404
404, 405
405, 406
406, 407
407, 408
408, 409
409, 410
410, 411
411, 412
412, 413
413, 414
414, 415
415, 416
416, 417
417, 418
418, 419
419, 420
420, 421
421, 422
422, 423
423, 424
424, 425
425, 426
426, 427
427, 428
428, 429
429, 430
430, 431
431, 432
432, 433
433, 434
434, 435
435, 436
436, 437
437, 438
438, 439
439, 440
440, 441
441, 442
442, 443
443, 444
444, 445
445, 446
446, 447
447, 448
448, 449
449, 450
450, 451
451, 452
452, 453
453, 454
454, 455
455, 456
456, 457
457, 458
458, 459
459, 460
460, 461
461, 462
462, 463
463, 464
464, 465
465, 466
466, 467
467, 468
468, 469
469, 470
470, 471
471, 472
472, 473
473, 474
474, 475
475, 476
476, 477
477, 478
478, 479
479, 480
480, 481
481, 482
482, 483
483, 484
484, 485
485, 486
486, 487
487, 488
488, 489
489, 490
490, 491
491, 492
492, 493
493, 494
494, 495
495, 496
496, 497
497, 498
498, 499
499, 500
500, 501
501, 502
502, 503
503, 504
504, 505
505, 506
506, 507
507, 508
508, 509
509, 510
510, 511
511, 512
512, 513
513, 514
514, 515
515, 516
516, 517
517, 518
518, 519
519, 520
520, 521
521, 522
522, 523
523, 524
524, 525
525, 526
526, 527
527, 528
528, 529
529, 530
530, 531
531, 532
532, 533
533, 534
534, 535
535, 536
536, 537
537, 538
538, 539
539, 540
540, 541
541, 542
542, 543
543, 544
544, 545
545, 546
546, 547
547, 548
548, 549
549, 550
550, 551
551, 552
552, 553
553, 554
554, 555
555, 556
556, 557
557, 558
558, 559
559, 560
560, 561
561, 562
562, 563
563, 564
564, 565
565, 566
566, 567
567, 568
568, 569
569, 570
570, 571
571, 572
572, 573
573, 574
574, 575
575, 576
576, 577
577, 578
578, 579
579, 580
580, 581
581, 582
582, 583
583, 584
584, 585
585, 586
586, 587
587, 588
588, 589
589, 590
590, 591
591, 592
592, 593
593, 594
594, 595
595, 596
596, 597
597, 598
598, 599
599, 600
600, 601
601, 602
602, 603
603, 604
604, 605
605, 606
606, 607
607, 608
608, 609
609, 610
610, 611
611, 612
612, 613
613, 614
614, 615
615, 616
616, 617
617, 618
618, 619
619, 620
620, 621
621, 622
622, 623
623, 624
624, 625
625, 626
626, 627
627, 628
628, 629
629, 630
630, 631
631, 632
632, 633
633, 634
634, 635
635, 636
636, 637
637, 638
638, 639
639, 640
640, 641
641, 642
642, 643
643, 644
644, 645
645, 646
646, 647
647, 648
648, 649
649, 650
650, 651
651, 652
652, 653
653, 654
654, 655
655, 656
656, 657
657, 658
658, 659
659, 660
660, 661
661, 662
662, 663
663, 664
664, 665
665, 666
666, 667
667, 668
668, 669
669, 670
670, 671
671, 672
672, 673
673, 674
674, 675
675, 676
676, 677
677, 678
678, 679
679, 680
680, 681
681, 682
682, 683
683, 684
684, 685
685, 686
686, 687
687, 688
688, 689
689, 690
690, 691
691, 692
692, 693
693, 694
694, 695
695, 696
696, 697
697, 698
698, 699
699, 700
700, 701
701, 702
702, 703
703, 704
704, 705
705, 706
706, 707
707, 708
708, 709
709, 710
710, 711
711, 712
712, 713
713, 714
714, 715
715, 716
716, 717
717, 718
718, 719
719, 720
720, 721
721, 722
722, 723
723, 724
724, 725
725, 726
726, 727
727, 728
728, 729
729, 730
730, 731
731, 732
732, 733
733, 734
734, 735
735, 736
736, 737
737, 738
738, 739
739, 740
740, 741
741, 742
742, 743
743, 744
744, 745
745, 746
746, 747
747, 748
748, 749
749, 750
750, 751
751, 752
752, 753
753, 754
754, 755
755, 756
756, 757
757, 758
758, 759
759, 760
760, 761
761, 762
762, 763
763, 764
764, 765
765, 766
766, 767
767, 768
768, 769
769, 770
770, 771
771, 772
772, 773
773, 774
774, 775
775, 776
776, 777
777, 778
778, 779
779, 780
780, 781
781, 782
782, 783
783, 784
784, 785
785, 786
786, 787
787, 788
788, 789
789, 790
790, 791
791, 792
792, 793
793, 794
794, 795
795, 796
796, 797
797, 798
798, 799
799, 800
800, 801
801, 802
802, 803
803, 804
804, 805
805, 806
806, 807
807, 808
808, 809
809, 810
810, 811
811, 812
812, 813
813, 814
814, 815
815, 816
816, 817
817, 818
818, 819
819, 820
820, 821
821, 822
822, 823
823, 824
824, 825
825, 826
826, 827
827, 828
828, 829
829, 830
830, 831
831, 832
832, 833
833, 834
834, 835
835, 836
836, 837
837, 838
838, 839
839, 840
840, 841
841, 842
842, 843
843, 844
844, 845
845, 846
846, 847
847, 848
848, 849
849, 850
850, 851
851, 852
852, 853
853, 854
854, 855
855, 856
856, 857
857, 858
858, 859
859, 860
860, 861
861, 862
862, 863
863, 864
864, 865
865, 866
866, 867
867, 868
868, 869
869, 870
870, 871
871, 872
872, 873
873, 874
874, 875
875, 876
876, 877
877, 878
878, 879
879, 880
880, 881
881, 882
882, 883
883, 884
884, 885
885, 886
886, 887
887, 888
888, 889
889, 890
890, 891
891, 892
892, 893
893, 894
894, 895
895, 896
896, 897
897, 898
898, 899
899, 900
900, 901
901, 902
902, 903
903, 904
904, 905
905, 906
906, 907
907, 908
908, 909
909, 910
910, 911
911, 912
912, 913
913, 914
914, 915
915, 916
916, 917
917, 918
918, 919
919, 920
920, 921
921, 922
922, 923
923, 924
924, 925
925, 926
926, 927
927, 928
928, 929
929, 930
930, 931
931, 932
932, 933
933, 934
934, 935
935, 936
936, 937
937, 938
938, 939
939, 940
940, 941
941, 942
942, 943
943, 944
944, 945
945, 946
946, 947
947, 948
948, 949
949, 950
950, 951
951, 952
952, 953
953, 954
954, 955
955, 956
956, 957
957, 958
958, 959
959, 960
960, 961
961, 962
962, 963
963, 964
964, 965
965, 966
966, 967
967, 968
968, 969
969, 970
970, 971
971, 972
972, 973
973, 974
974, 975
975, 976
976, 977
977, 978
978, 979
979, 980
980, 981
981, 982
982, 983
983, 984
984, 985
985, 986
986, 987
987, 988
988, 989
989, 990
990, 991
991, 992
992, 993
993, 994
994, 995
995, 996
996, 997
997, 998
998, 999
999, 1000
1000, 1001
1001, 1002
1002, 1003
1003, 1004
1004, 1005
1005, 1006
1006, 1007
1007, 1008
1008, 1009
1009, 1010
1010, 1011
1011, 1012
1012, 1013
1013, 1014
1014, 1015
1015, 1016
1016, 1017
1017, 1018
1018, 1019
1019, 1020
1020, 1021
1021, 1022
1022, 1023
1023, 1024
1024, 1025
1025, 1026
1026, 1027
1027, 1028
1028, 1029
1029, 1030
1030, 1031
1031, 1032
1032, 1033
1033, 1034
1034, 1035
1035, 1036
1036, 1037
1037, 1038
1038, 1039
1039, 1040
1040, 1041
1041, 1042
1042, 1043
1043, 1044
1044, 1045
1045, 1046
1046, 1047
1047, 1048
1048, 1049
1049, 1050
1050, 1051
1051, 1052
1052, 1053
1053, 1054
1054, 1055
1055, 1056
1056, 1057
1057, 1058
1058, 1059
1059, 1060
1060, 1061
1061, 1062
1062, 1063
1063, 1064
1064, 1065
1065, 1066
1066, 1067
1067, 1068
1068, 1069
1069, 1070
1070, 1071
1071, 1072
1072, 1073
1073, 1074
1074, 1075
1075, 1076
1076, 1077
1077, 1078
1078, 1079
1079, 1080
1080, 1081
1081, 1082
1082, 1083
1083, 1084
1084, 1085
1085, 1086
1086, 1087
1087, 1088
1088, 1089
1089, 1090
1090, 1091
1091, 1092
1092, 1093
1093, 1094
1094, 1095
1095, 1096
1096, 1097
1097, 1098
1098, 1099
1099, 1100
1100, 1101
1101, 1102
1102, 1103
1103, 1104
1104, 1105
1105, 1106
1106, 1107
1107, 1108
1108, 1109
1109, 1110
1110, 1111
1111, 1112
1112, 1113
1113, 1114
1114, 1115
1115, 1116
1116, 1117
1117, 1118
1118, 1119
1119, 1120
1120, 1121
1121, 1122
1122, 1123
1123, 1124
1124, 1125
1125, 1126
1126, 1127
1127, 1128
1128, 1129
1129, 1130
1130, 1131
1131, 1132
1132, 1133
1133, 1134
1134, 1135
1135, 1136
1136, 1137
1137, 1138
1138, 1139
1139, 1140
1140, 1141
1141, 1142
1142, 1143
1143, 1144
1144, 1145
1145, 1146
1146, 1147
1147, 1148
1148, 1149
1149, 1150
1150, 1151
1151, 1152
1152, 1153
1153, 1154
1154, 1155
1155, 1156
1156, 1157
1157, 1158
1158, 1159
1159, 1160
1160, 1161
1161, 1162
1162, 1163
1163, 1164
1164, 1165
1165, 1166
1166, 1167
1167, 1168
1168, 1169
1169, 1170
1170, 1171
1171, 1172
1172, 1173
1173, 1174
1174, 1175
1175, 1176
1176, 1177
1177, 1178
1178, 1179
1179, 1180
1180, 1181
1181, 1182
1182, 1183
1183, 1184
1184, 1185
1185, 1186
1186, 1187
1187, 1188
1188, 1189
1189, 1190
1190, 1191
1191, 1192
1192, 1193
1193, 1194
1194, 1195
1195, 1196
1196, 1197
1197, 1198
1198, 1199
1199, 1200
1200, 1201
1201, 1202
1202, 1203
1203, 1204
1204, 1205
1205, 1206
1206, 1207
1207, 1208
1208, 1209
1209, 1210
1210, 1211
1211, 1212
1212, 1213
1213, 1214
1214, 1215
1215, 1216
1216, 1217
1217, 1218
1218, 1219
1219, 1220
1220, 1221
1221, 1222
1222, 1223
1223, 1224
1224, 1225
1225, 1226
1226, 1227
1227, 1228
1228, 1229
1229, 1230
1230, 1231
1231, 1232
1232, 1233
1233, 1234
1234, 1235
1235, 1236
1236, 1237
1237, 1238
1238, 1239
1239, 1240
1240, 1241
1241, 1242
1242, 1243
1243, 1244
1244, 1245
1245, 1246
1246, 1247
1247, 1248
1248, 1249
1249, 1250
1250, 1251
1251, 1252
1252, 1253
1253, 1254
1254, 1255
1255, 1256
1256, 1257
1257, 1258
1258, 1259
1259, 1260
1260, 1261
1261, 1262
1262, 1263
1263, 1264
1264, 1265
1265, 1266
1266, 1267
1267, 1268
1268, 1269
1269, 1270
1270, 1271
1271, 1272
1272, 1273
1273, 1274
1274, 1275
1275, 1276
1276, 1277
1277, 1278
1278, 1279
1279, 1280
1280, 1281
1281, 1282
1282, 1283
1283, 1284
1284, 1285
1285, 1286
1286, 1287
1287, 1288
1288, 1289
1289, 1290
1290, 1291
1291, 1292
1292, 1293
1293, 1294
1294, 1295
1295, 1296
1296, 1297
1297, 1298
1298, 1299
1299, 1300
1300, 1301
1301, 1302
1302, 1303
1303, 1304
1304, 1305
1305, 1306
1306, 1307
1307, 1308
1308, 1309
1309, 1310
1310, 1311
1311, 1312
1312, 1313
1313, 1314
1314, 1315
1315, 1316
1316, 1317
1317, 1318
1318, 1319
1319, 1320
1320, 1321
1321, 1322
1322, 1323
1323, 1324
1324, 1325
1325, 1326
1326, 1327
1327, 1328
1328, 1329
1329, 1330
1330, 1331
1331, 1332
1332, 1333
1333, 1334
1334, 1335
1335, 1336
1336, 1337
1337, 1338
1338, 1339
1339, 1340
1340, 1341
1341, 1342
1342, 1343
1343, 1344
1344, 1345
1345, 1346
1346, 1347
1347, 1348
1348, 1349
1349, 1350
1350, 1351
1351, 1352
1352, 1353
1353, 1354
1354, 1355
1355, 1356
1356, 1357
1357, 1358
1358, 1359
1359, 1360
1360, 1361
1361, 1362
1362, 1363
1363, 1364
1364, 1365
1365, 1366
1366, 1367
1367, 1368
1368, 1369
1369, 1370
1370, 1371
1371, 1372
1372, 1373
1373, 1374
1374, 1375
1375, 1376
1376, 1377
1377, 1378
1378, 1379
1379, 1380
1380, 1381
1381, 1382
1382, 1383
1383, 1384
1384, 1385
1385, 1386
1386, 1387
1387, 1388
1388, 1389
1389, 1390
1390, 1391
1391, 1392
1392, 1393
1393, 1394
1394, 1395
1395, 1396
1396, 1397
1397, 1398
1398, 1399
1399, 1400
1400, 1401
1401, 1402
1402, 1403
1403, 1404
1404, 1405
1405, 1406
1406, 1407
1407, 1408
1408, 1409
1409, 1410
1410, 1411
1411, 1412
1412, 1413
1413, 1414
1414, 1415
1415, 1416
1416, 1417
1417, 1418
1418, 1419
1419, 1420
1420, 1421
1421, 1422
1422, 1423
1423, 1424
1424, 1425
1425, 1426
1426, 1427
1427, 1428
1428, 1429
1429, 1430
1430, 1431
1431, 1432
1432, 1433
1433, 1434
1434, 1435
1435, 1436
1436, 1437
1437, 1438
1438, 1439
1439, 1440
1440, 1441
1441, 1442
1442, 1443
1443, 1444
1444, 1445
1445, 1446
1446, 1447
1447, 1448
1448, 1449
1449, 1450
1450, 1451
1451, 1452
1452, 1453
1453, 1454
1454, 1455
1455, 1456
1456, 1457
1457, 1458
1458, 1459
1459, 1460
1460, 1461
1461, 1462
1462, 1463
1463, 1464
1464, 1465
1465, 1466
1466, 1467
1467, 1468
1468, 1469
1469, 1470
1470, 1471
1471, 1472
1472, 1473
1473, 1474
1474, 1475
1475, 1476
1476, 1477
1477, 1478
1478, 1479
1479, 1480
1480, 1481
1481, 1482
1482, 1483
1483, 1484
1484, 1485
1485, 1486
1486, 1487
1487, 1488
1488, 1489
1489, 1490
1490, 1491
1491, 1492
1492, 1493
1493, 1494
1494, 1495
1495, 1496
1496, 1497
1497, 1498
1498, 1499
1499, 1500
1500, 1501
1, 3
2, 4
3, 5
4, 6
5, 7
6, 8
7, 9
8, 10
9, 11
10, 12
11, 13
12, 14
13, 15
14, 16
15, 17
16, 18
17, 19
18, 20
19, 21
20, 22
21, 23
22, 24
23, 25
24, 26
25, 27
26, 28
27, 29
28, 30
29, 31
30, 32
31, 33
32, 34
33, 35
34, 36
35, 37
36, 38
37, 39
38, 40
39, 41
40, 42
41, 43
42, 44
43, 45
44, 46
45, 47
46, 48
47, 49
48, 50
49, 51
50, 52
51, 53
52, 54
53, 55
54, 56
55, 57
56, 58
57, 59
58, 60
59, 61
60, 62
61, 63
62, 64
63, 65
64, 66
65, 67
66, 68
67, 69
68, 70
69, 71
70, 72
71, 73
72, 74
73, 75
74, 76
75, 77
76, 78
77, 79
78, 80
79, 81
80, 82
81, 83
82, 84
83, 85
84, 86
85, 87
86, 88
87, 89
88, 90
89, 91
90, 92
91, 93
92, 94
93, 95
94, 96
95, 97
96, 98
97, 99
98, 100
99, 101
100, 102
101, 103
102, 104
103, 105
104, 106
105, 107
106, 108
107, 109
108, 110
109, 111
110, 112
111, 113
112, 114
113, 115
114, 116
115, 117
116, 118
117, 119
118, 120
119, 121
120, 122
121, 123
122, 124
123, 125
124, 126
125, 127
126, 128
127, 129
128, 130
129, 131
130, 132
131, 133
132, 134
133, 135
134, 136
135, 137
136, 138
137, 139
138, 140
139, 141
140, 142
141, 143
142, 144
143, 145
144, 146
145, 147
146, 148
147, 149
148, 150
149, 151
150, 152
151, 153
152, 154
153, 155
154, 156
155, 157
156, 158
157, 159
158, 160
159, 161
160, 162
161, 163
162, 164
163, 165
164, 166
165, 167
166, 168
167, 169
168, 170
169, 171
170, 172
171, 173
172, 174
173, 175
174, 176
175, 177
176, 178
177, 179
178, 180
179, 181
180, 182
181, 183
182, 184
183, 185
184, 186
185, 187
186, 188
187, 189
188, 190
189, 191
190, 192
191, 193
192, 194
193, 195
194, 196
195, 197
196, 198
197, 199
198, 200
199, 201
200, 202
201, 203
202, 204
203, 205
204, 206
205, 207
206, 208
207, 209
208, 210
209, 211
210, 212
211, 213
212, 214
213, 215
214, 216
215, 217
216, 218
217, 219
218, 220
219, 221
220, 222
221, 223
222, 224
223, 225
224, 226
225, 227
226, 228
227, 229
228, 230
229, 231
230, 232
231, 233
232, 234
233, 235
234, 236
235, 237
236, 238
237, 239
238, 240
239, 241
240, 242
241, 243
242, 244
243, 245
244, 246
245, 247
246, 248
247, 249
248, 250
249, 251
250, 252
251, 253
252, 254
253, 255
254, 256
255, 257
256, 258
257, 259
258, 260
259, 261
260, 262
261, 263
262, 264
263, 265
264, 266
265, 267
266, 268
267, 269
268, 270
269, 271
270, 272
271, 273
272, 274
273, 275
274, 276
275, 277
276, 278
277, 279
278, 280
279, 281
280, 282
281, 283
282, 284
283, 285
284, 286
285, 287
286, 288
287, 289
288, 290
289, 291
290, 292
291, 293
292, 294
293, 295
294, 296
295, 297
296, 298
297, 299
298, 300
299, 301
300, 302
301, 303
302, 304
303, 305
304, 306
305, 307
306, 308
307, 309
308, 310
309, 311
310, 312
311, 313
312, 314
313, 315
314, 316
315, 317
316, 318
317, 319
318, 320
319, 321
320, 322
321, 323
322, 324
323, 325
324, 326
325, 327
326, 328
327, 329
328, 330
329, 331
330, 332
331, 333
332, 334
333, 335
334, 336
335, 337
336, 338
337, 339
338, 340
339, 341
340, 342
341, 343
342, 344
343, 345
344, 346
345, 347
346, 348
347, 349
348, 350
349, 351
350, 352
351, 353
352, 354
353, 355
354, 356
355, 357
356, 358
357, 359
358, 360
359, 361
360, 362
361, 363
362, 364
363, 365
364, 366
365, 367
366, 368
367, 369
368, 370
369, 371
370, 372
371, 373
372, 374
373, 375
374, 376
375, 377
376, 378
377, 379
378, 380
379, 381
380, 382
381, 383
382, 384
383, 385
384, 386
385, 387
386, 388
387, 389
388, 390
389, 391
390, 392
391, 393
392, 394
393, 395
394, 396
395, 397
396, 398
397, 399
398, 400
399, 401
400, 402
401, 403
402, 404
403, 405
404, 406
405, 407
406, 408
407, 409
408, 410
409, 411
410, 412
411, 413
412, 414
413, 415
414, 416
415, 417
416, 418
417, 419
418, 420
419, 421
420, 422
421, 423
422, 424
423, 425
424, 426
425, 427
426, 428
427, 429
428, 430
429, 431
430, 432
431, 433
432, 434
433, 435
434, 436
435, 437
436, 438
437, 439
438, 440
439, 441
440, 442
441, 443
442, 444
443, 445
444, 446
445, 447
446, 448
447, 449
448, 450
449, 451
450, 452
451, 453
452, 454
453, 455
454, 456
455, 457
456, 458
457, 459
458, 460
459, 461
460, 462
461, 463
462, 464
463, 465
464, 466
465, 467
466, 468
467, 469
468, 470
469, 471
470, 472
471, 473
472, 474
473, 475
474, 476
475, 477
476, 478
477, 479
478, 480
479, 481
480, 482
481, 483
482, 484
483, 485
484, 486
485, 487
486, 488
487, 489
488, 490
489, 491
490, 492
491, 493
492, 494
493, 495
494, 496
495, 497
496, 498
497, 499
498, 500
499, 501
500, 502
501, 503
502, 504
503, 505
504, 506
505, 507
506, 508
507, 509
508, 510
509, 511
510, 512
511, 513
512, 514
513, 515
514, 516
515, 517
516, 518
517, 519
518, 520
519, 521
520, 522
521, 523
522, 524
523, 525
524, 526
525, 527
526, 528
527, 529
528, 530
529, 531
530, 532
531, 533
532, 534
533, 535
534, 536
535, 537
536, 538
537, 539
538, 540
539, 541
540, 542
541, 543
542, 544
543, 545
544, 546
545, 547
546, 548
547, 549
548, 550
549, 551
550, 552
551, 553
552, 554
553, 555
554, 556
555, 557
556, 558
557, 559
558, 560
559, 561
560, 562
561, 563
562, 564
563, 565
564, 566
565, 567
566, 568
567, 569
568, 570
569, 571
570, 572
571, 573
572, 574
573, 575
574, 576
575, 577
576, 578
577, 579
578, 580
579, 581
580, 582
581, 583
582, 584
583, 585
584, 586
585, 587
586, 588
587, 589
588, 590
589, 591
590, 592
591, 593
592, 594
593, 595
594, 596
595, 597
596, 598
597, 599
598, 600
599, 601
600, 602
601, 603
602, 604
603, 605
604, 606
605, 607
606, 608
607, 609
608, 610
609, 611
610, 612
611, 613
612, 614
613, 615
614, 616
615, 617
616, 618
617, 619
618, 620
619, 621
620, 622
621, 623
622, 624
623, 625
624, 626
625, 627
626, 628
627, 629
628, 630
629, 631
630, 632
631, 633
632, 634
633, 635
634, 636
635, 637
636, 638
637, 639
638, 640
639, 641
640, 642
641, 643
642, 644
643, 645
644, 646
645, 647
646, 648
647, 649
648, 650
649, 651
650, 652
651, 653
652, 654
653, 655
654, 656
655, 657
656, 658
657, 659
658, 660
659, 661
660, 662
661, 663
662, 664
663, 665
664, 666
665, 667
666, 668
667, 669
668, 670
669, 671
670, 672
671, 673
672, 674
673, 675
674, 676
675, 677
676, 678
677, 679
678, 680
679, 681
680, 682
681, 683
682, 684
683, 685
684, 686
685, 687
686, 688
687, 689
688, 690
689, 691
690, 692
691, 693
692, 694
693, 695
694, 696
695, 697
696, 698
697, 699
698, 700
699, 701
700, 702
701, 703
702, 704
703, 705
704, 706
705, 707
706, 708
707, 709
708, 710
709, 711
710, 712
711, 713
712, 714
713, 715
714, 716
715, 717
716, 718
717, 719
718, 720
719, 721
720, 722
721, 723
722, 724
723, 725
724, 726
725, 727
726, 728
727, 729
728, 730
729, 731
730, 732
731, 733
732, 734
733, 735
734, 736
735, 737
736, 738
737, 739
738, 740
739, 741
740, 742
741, 743
742, 744
743, 745
744, 746
745, 747
746, 748
747, 749
748, 750
749, 751
750, 752
751, 753
752, 754
753, 755
754, 756
755, 757
756, 758
757, 759
758, 760
759, 761
760, 762
761, 763
762, 764
763, 765
764, 766
765, 767
766, 768
767, 769
768, 770
769, 771
770, 772
771, 773
772, 774
773, 775
774, 776
775, 777
776, 778
777, 779
778, 780
779, 781
780, 782
781, 783
782, 784
783, 785
784, 786
785, 787
786, 788
787, 789
788, 790
789, 791
790, 792
791, 793
792, 794
793, 795
794, 796
795, 797
796, 798
797, 799
798, 800
799, 801
800, 802
801, 803
802, 804
803, 805
804, 806
805, 807
806, 808
807, 809
808, 810
809, 811
810, 812
811, 813
812, 814
813, 815
814, 816
815, 817
816, 818
817, 819
818, 820
819, 821
820, 822
821, 823
822, 824
823, 825
824, 826
825, 827
826, 828
827, 829
828, 830
829, 831
830, 832
831, 833
832, 834
833, 835
834, 836
835, 837
836, 838
837, 839
838, 840
839, 841
840, 842
841, 843
842, 844
843, 845
844, 846
845, 847
846, 848
847, 849
848, 850
849, 851
850, 852
851, 853
852, 854
853, 855
854, 856
855, 857
856, 858
857, 859
858, 860
859, 861
860, 862
861, 863
862, 864
863, 865
864, 866
865, 867
866, 868
867, 869
868, 870
869, 871
870, 872
871, 873
872, 874
873, 875
874, 876
875, 877
876, 878
877, 879
878, 880
879, 881
880, 882
881, 883
882, 884
883, 885
884, 886
885, 887
886, 888
887, 889
888, 890
889, 891
890, 892
891, 893
892, 894
893, 895
894, 896
895, 897
896, 898
897, 899
898, 900
899, 901
900, 902
901, 903
902, 904
903, 905
904, 906
905, 907
906, 908
907, 909
908, 910
909, 911
910, 912
911, 913
912, 914
913, 915
914, 916
915, 917
916, 918
917, 919
918, 920
919, 921
920, 922
921, 923
922, 924
923, 925
924, 926
925, 927
926, 928
927, 929
928, 930
929, 931
930, 932
931, 933
932, 934
933, 935
934, 936
935, 937
936, 938
937, 939
938, 940
939, 941
940, 942
941, 943
942, 944
943, 945
944, 946
945, 947
946, 948
947, 949
948, 950
949, 951
950, 952
951, 953
952, 954
953, 955
954, 956
955, 957
956, 958
957, 959
958, 960
959, 961
960, 962
961, 963
962, 964
963, 965
964, 966
965, 967
966, 968
967, 969
968, 970
969, 971
970, 972
971, 973
972, 974
973, 975
974, 976
975, 977
976, 978
977, 979
978, 980
979, 981
980, 982
981, 983
982, 984
983, 985
984, 986
985, 987
986, 988
987, 989
988, 990
989, 991
990, 992
991, 993
992, 994
993, 995
994, 996
995, 997
996, 998
997, 999
998, 1000
999, 1001
1000, 1002
1001, 1003
1002, 1004
1003, 1005
1004, 1006
1005, 1007
1006, 1008
1007, 1009
1008, 1010
1009, 1011
1010, 1012
1011, 1013
1012, 1014
1013, 1015
1014, 1016
1015, 1017
1016, 1018
1017, 1019
1018, 1020
1019, 1021
1020, 1022
1021, 1023
1022, 1024
1023, 1025
1024, 1026
1025, 1027
1026, 1028
1027, 1029
1028, 1030
1029, 1031
1030, 1032
1031, 1033
1032, 1034
1033, 1035
1034, 1036
1035, 1037
1036, 1038
1037, 1039
1038, 1040
1039, 1041
1040, 1042
1041, 1043
1042, 1044
1043, 1045
1044, 1046
1045, 1047
1046, 1048
1047, 1049
1048, 1050
1049, 1051
1050, 1052
1051, 1053
1052, 1054
1053, 1055
1054, 1056
1055, 1057
1056, 1058
1057, 1059
1058, 1060
1059, 1061
1060, 1062
1061, 1063
1062, 1064
1063, 1065
1064, 1066
1065, 1067
1066, 1068
1067, 1069
1068, 1070
1069, 1071
1070, 1072
1071, 1073
1072, 1074
1073, 1075
1074, 1076
1075, 1077
1076, 1078
1077, 1079
1078, 1080
1079, 1081
1080, 1082
1081, 1083
1082, 1084
1083, 1085
1084, 1086
1085, 1087
1086, 1088
1087, 1089
1088, 1090
1089, 1091
1090, 1092
1091, 1093
1092, 1094
1093, 1095
1094, 1096
1095, 1097
1096, 1098
1097, 1099
1098, 1100
1099, 1101
1100, 1102
1101, 1103
1102, 1104
1103, 1105
1104, 1106
1105, 1107
1106, 1108
1107, 1109
1108, 1110
1109, 1111
1110, 1112
1111, 1113
1112, 1114
1113, 1115
1114, 1116
1115, 1117
1116, 1118
1117, 1119
1118, 1120
1119, 1121
1120, 1122
1121, 1123
1122, 1124
1123, 1125
1124, 1126
1125, 1127
1126, 1128
1127, 1129
1128, 1130
1129, 1131
1130, 1132
1131, 1133
1132, 1134
1133, 1135
1134, 1136
1135, 1137
1136, 1138
1137, 1139
1138, 1140
1139, 1141
1140, 1142
1141, 1143
1142, 1144
1143, 1145
1144, 1146
1145, 1147
1146, 1148
1147, 1149
1148, 1150
1149, 1151
1150, 1152
1151, 1153
1152, 1154
1153, 1155
1154, 1156
1155, 1157
1156, 1158
1157, 1159
1158, 1160
1159, 1161
1160, 1162
1161, 1163
1162, 1164
1163, 1165
1164, 1166
1165, 1167
1166, 1168
1167, 1169
1168, 1170
1169, 1171
1170, 1172
1171, 1173
1172, 1174
1173, 1175
1174, 1176
1175, 1177
1176, 1178
1177, 1179
1178, 1180
1179, 1181
1180, 1182
1181, 1183
1182, 1184
1183, 1185
1184, 1186
1185, 1187
1186, 1188
1187, 1189
1188, 1190
1189, 1191
1190, 1192
1191, 1193
1192, 1194
1193, 1195
1194, 1196
1195, 1197
1196, 1198
1197, 1199
1198, 1200
1199, 1201
1200, 1202
1201, 1203
1202, 1204
1203, 1205
1204, 1206
1205, 1207
1206, 1208
1207, 1209
1208, 1210
1209, 1211
1210, 1212
1211, 1213
1212, 1214
1213, 1215
1214, 1216
1215, 1217
1216, 1218
1217, 1219
1218, 1220
1219, 1221
1220, 1222
1221, 1223
1222, 1224
1223, 1225
1224, 1226
1225, 1227
1226, 1228
1227, 1229
1228, 1230
1229, 1231
1230, 1232
1231, 1233
1232, 1234
1233, 1235
1234, 1236
1235, 1237
1236, 1238
1237, 1239
1238, 1240
1239, 1241
1240, 1242
1241, 1243
1242, 1244
1243, 1245
1244, 1246
1245, 1247
1246, 1248
1247, 1249
1248, 1250
1249, 1251
1250, 1252
1251, 1253
1252, 1254
1253, 1255
1254, 1256
1255, 1257
1256, 1258
1257, 1259
1258, 1260
1259, 1261
1260, 1262
1261, 1263
1262, 1264
1263, 1265
1264, 1266
1265, 1267
1266, 1268
1267, 1269
1268, 1270
1269, 1271
1270, 1272
1271, 1273
1272, 1274
1273, 1275
1274, 1276
1275, 1277
1276, 1278
1277, 1279
1278, 1280
1279, 1281
1280, 1282
1281, 1283
1282, 1284
1283, 1285
1284, 1286
1285, 1287
1286, 1288
1287, 1289
1288, 1290
1289, 1291
1290, 1292
1291, 1293
1292, 1294
1293, 1295
1294, 1296
1295, 1297
1296, 1298
1297, 1299
1298, 1300
1299, 1301
1300, 1302
1301, 1303
1302, 1304
1303, 1305
1304, 1306
1305, 1307
1306, 1308
1307, 1309
1308, 1310
1309, 1311
1310, 1312
1311, 1313
1312, 1314
1313, 1315
1314, 1316
1315, 1317
1316, 1318
1317, 1319
1318, 1320
1319, 1321
1320, 1322
1321, 1323
1322, 1324
1323, 1325
1324, 1326
1325, 1327
1326, 1328
1327, 1329
1328, 1330
1329, 1331
1330, 1332
1331, 1333
1332, 1334
1333, 1335
1334, 1336
1335, 1337
1336, 1338
1337, 1339
1338, 1340
1339, 1341
1340, 1342
1341, 1343
1342, 1344
1343, 1345
1344, 1346
1345, 1347
1346, 1348
1347, 1349
1348, 1350
1349, 1351
1350, 1352
1351, 1353
1352, 1354
1353, 1355
1354, 1356
1355, 1357
1356, 1358
1357, 1359
1358, 1360
1359, 1361
1360, 1362
1361, 1363
1362, 1364
1363, 1365
1364, 1366
1365, 1367
1366, 1368
1367, 1369
1368, 1370
1369, 1371
1370, 1372
1371, 1373
1372, 1374
1373, 1375
1374, 1376
1375, 1377
1376, 1378
1377, 1379
1378, 1380
1379, 1381
1380, 1382
1381, 1383
1382, 1384
1383, 1385
1384, 1386
1385, 1387
1386, 1388
1387, 1389
1388, 1390
1389, 1391
1390, 1392
1391, 1393
1392, 1394
1393, 1395
1394, 1396
1395, 1397
1396, 1398
1397, 1399
1398, 1400
1399, 1401
1400, 1402
1401, 1403
1402, 1404
1403, 1405
1404, 1406
1405, 1407
1406, 1408
1407, 1409
1408, 1410
1409, 1411
1410, 1412
1411, 1413
1412, 1414
1413, 1415
1414, 1416
1415, 1417
1416, 1418
1417, 1419
1418, 1420
1419, 1421
1420, 1422
1421, 1423
1422, 1424
1423, 1425
1424, 1426
1425, 1427
1426, 1428
1427, 1429
1428, 1430
1429, 1431
1430, 1432
1431, 1433
1432, 1434
1433, 1435
1434, 1436
1435, 1437
1436, 1438
1437, 1439
1438, 1440
1439, 1441
1440, 1442
1441, 1443
1442, 1444
1443, 1445
1444, 1446
1445, 1447
1446, 1448
1447, 1449
1448, 1450
1449, 1451
1450, 1452
1451, 1453
1452, 1454
1453, 1455
1454, 1456
1455, 1457
1456, 1458
1457, 1459
1458, 1460
1459, 1461
1460, 1462
1461, 1463
1462, 1464
1463, 1465
1464, 1466
1465, 1467
1466, 1468
1467, 1469
1468, 1470
1469, 1471
1470, 1472
1471, 1473
1472, 1474
1473, 1475
1474, 1476
1475, 1477
1476, 1478
1477, 1479
1478, 1480
1479, 1481
1480, 1482
1481, 1483
1482, 1484
1483, 1485
1484, 1486
1485, 1487
1486, 1488
1487, 1489
1488, 1490
1489, 1491
1490, 1492
1491, 1493
1492, 1494
1493, 1495
1494, 1496
1495, 1497
1496, 1498
1497, 1499
1498, 1500
1499, 1501
1, 1
1, 2
1, 3
2, 3
3, 3
4, 3
5, 3
6, 3
7, 3
8, 3
9, 3
10, 3
11, 3
12, 3
13, 3
14, 3
15, 3
16, 3
17, 3
18, 3
19, 3
20, 3
21, 3
22, 3
23, 3
24, 3
25, 3
26, 3
27, 3
28, 3
29, 3
30, 3
31, 3
32, 3
33, 3
34, 3
35, 3
36, 3
37, 3
38, 3
39, 3
40, 3
41, 3
42, 3
43, 3
44, 3
45, 3
46, 3
47, 3
48, 3
49, 3
50, 3
51, 3
52, 3
53, 3
54, 3
55, 3
56, 3
57, 3
58, 3
59, 3
60, 3
61, 3
62, 3
63, 3
64, 3
65, 3
66, 3
67, 3
68, 3
69, 3
70, 3
71, 3
72, 3
73, 3
74, 3
75, 3
76, 3
77, 3
78, 3
79, 3
80, 3
81, 3
82, 3
83, 3
84, 3
85, 3
86, 3
87, 3
88, 3
89, 3
90, 3
91, 3
92, 3
93, 3
94, 3
95, 3
96, 3
97, 3
98, 3
99, 3
100, 3
101, 3
102, 3
103, 3
104, 3
105, 3
106, 3
107, 3
108, 3
109, 3
110, 3
111, 3
112, 3
113, 3
114, 3
115, 3
116, 3
117, 3
118, 3
119, 3
120, 3
121, 3
122, 3
123, 3
124, 3
125, 3
126, 3
127, 3
128, 3
129, 3
130, 3
131, 3
132, 3
133, 3
134, 3
135, 3
136, 3
137, 3
138, 3
139, 3
140, 3
141, 3
142, 3
143, 3
144, 3
145, 3
146, 3
147, 3
148, 3
149, 3
150, 3
151, 3
152, 3
153, 3
154, 3
155, 3
156, 3
157, 3
158, 3
159, 3
160, 3
161, 3
162, 3
163, 3
164, 3
165, 3
166, 3
167, 3
168, 3
169, 3
170, 3
171, 3
172, 3
173, 3
174, 3
175, 3
176, 3
177, 3
178, 3
179, 3
180, 3
181, 3
182, 3
183, 3
184, 3
185, 3
186, 3
187, 3
188, 3
189, 3
190, 3
191, 3
192, 3
193, 3
194, 3
195, 3
196, 3
197, 3
198, 3
199, 3
200, 3
201, 3
202, 3
203, 3
204, 3
205, 3
206, 3
207, 3
208, 3
209, 3
210, 3
211, 3
212, 3
213, 3
214, 3
215, 3
216, 3
217, 3
218, 3
219, 3
220, 3
221, 3
222, 3
223, 3
224, 3
225, 3
226, 3
227, 3
228, 3
229, 3
230, 3
231, 3
232, 3
233, 3
234, 3
235, 3
236, 3
237, 3
238, 3
239, 3
240, 3
241, 3
242, 3
243, 3
244, 3
245, 3
246, 3
247, 3
248, 3
249, 3
250, 3
251, 3
252, 3
253, 3
254, 3
255, 3
256, 3
257, 3
258, 3
259, 3
260, 3
261, 3
262, 3
263, 3
264, 3
265, 3
266, 3
267, 3
268, 3
269, 3
270, 3
271, 3
272, 3
273, 3
274, 3
275, 3
276, 3
277, 3
278, 3
279, 3
280, 3
281, 3
282, 3
283, 3
284, 3
285, 3
286, 3
287, 3
288, 3
289, 3
290, 3
291, 3
292, 3
293, 3
294, 3
295, 3
296, 3
297, 3
298, 3
299, 3
300, 3
301, 3
302, 3
303, 3
304, 3
305, 3
306, 3
307, 3
308, 3
309, 3
310, 3
311, 3
312, 3
313, 3
314, 3
315, 3
316, 3
317, 3
318, 3
319, 3
320, 3
321, 3
322, 3
323, 3
324, 3
325, 3
326, 3
327, 3
328, 3
329, 3
330, 3
331, 3
332, 3
333, 3
334, 3
335, 3
336, 3
337, 3
338, 3
339, 3
340, 3
341, 3
342, 3
343, 3
344, 3
345, 3
346, 3
347, 3
348, 3
349, 3
350, 3
351, 3
352, 3
353, 3
354, 3
355, 3
356, 3
357, 3
358, 3
359, 3
360, 3
361, 3
362, 3
363, 3
364, 3
365, 3
366, 3
367, 3
368, 3
369, 3
370, 3
371, 3
372, 3
373, 3
374, 3
375, 3
376, 3
377, 3
378, 3
379, 3
380, 3
381, 3
382, 3
383, 3
384, 3
385, 3
386, 3
387, 3
388, 3
389, 3
390, 3
391, 3
392, 3
393, 3
394, 3
395, 3
396, 3
397, 3
398, 3
399, 3
400, 3
401, 3
402, 3
403, 3
404, 3
405, 3
406, 3
407, 3
408, 3
409, 3
410, 3
411, 3
412, 3
413, 3
414, 3
415, 3
416, 3
417, 3
418, 3
419, 3
420, 3
421, 3
422, 3
423, 3
424, 3
425, 3
426, 3
427, 3
428, 3
429, 3
430, 3
431, 3
432, 3
433, 3
434, 3
435, 3
436, 3
437, 3
438, 3
439, 3
440, 3
441, 3
442, 3
443, 3
444, 3
445, 3
446, 3
447, 3
448, 3
449, 3
450, 3
451, 3
452, 3
453, 3
454, 3
455, 3
456, 3
457, 3
458, 3
459, 3
460, 3
461, 3
462, 3
463, 3
464, 3
465, 3
466, 3
467, 3
468, 3
469, 3
470, 3
471, 3
472, 3
473, 3
474, 3
475, 3
476, 3
477, 3
478, 3
479, 3
480, 3
481, 3
482, 3
483, 3
484, 3
485, 3
486, 3
487, 3
488, 3
489, 3
490, 3
491, 3
492, 3
493, 3
494, 3
495, 3
496, 3
497, 3
498, 3
499, 3
500, 3
501, 3
502, 3
503, 3
504, 3
505, 3
506, 3
507, 3
508, 3
509, 3
510, 3
511, 3
512, 3
513, 3
514, 3
515, 3
516, 3
517, 3
518, 3
519, 3
520, 3
521, 3
522, 3
523, 3
524, 3
525, 3
526, 3
527, 3
528, 3
529, 3
530, 3
531, 3
532, 3
533, 3
534, 3
535, 3
536, 3
537, 3
538, 3
539, 3
540, 3
541, 3
542, 3
543, 3
544, 3
545, 3
546, 3
547, 3
548, 3
549, 3
550, 3
551, 3
552, 3
553, 3
554, 3
555, 3
556, 3
557, 3
558, 3
559, 3
560, 3
561, 3
562, 3
563, 3
564, 3
565, 3
566, 3
567, 3
568, 3
569, 3
570, 3
571, 3
572, 3
573, 3
574, 3
575, 3
576, 3
577, 3
578, 3
579, 3
580, 3
581, 3
582, 3
583, 3
584, 3
585, 3
586, 3
587, 3
588, 3
589, 3
590, 3
591, 3
592, 3
593, 3
594, 3
595, 3
596, 3
597, 3
598, 3
599, 3
600, 3
601, 3
602, 3
603, 3
604, 3
605, 3
606, 3
607, 3
608, 3
609, 3
610, 3
611, 3
612, 3
613, 3
614, 3
615, 3
616, 3
617, 3
618, 3
619, 3
620, 3
621, 3
622, 3
623, 3
624, 3
625, 3
626, 3
627, 3
628, 3
629, 3
630, 3
631, 3
632, 3
633, 3
634, 3
635, 3
636, 3
637, 3
638, 3
639, 3
640, 3
641, 3
642, 3
643, 3
644, 3
645, 3
646, 3
647, 3
648, 3
649, 3
650, 3
651, 3
652, 3
653, 3
654, 3
655, 3
656, 3
657, 3
658, 3
659, 3
660, 3
661, 3
662, 3
663, 3
664, 3
665, 3
666, 3
667, 3
668, 3
669, 3
670, 3
671, 3
672, 3
673, 3
674, 3
675, 3
676, 3
677, 3
678, 3
679, 3
680, 3
681, 3
682, 3
683, 3
684, 3
685, 3
686, 3
687, 3
688, 3
689, 3
690, 3
691, 3
692, 3
693, 3
694, 3
695, 3
696, 3
697, 3
698, 3
699, 3
700, 3
701, 3
702, 3
703, 3
704, 3
705, 3
706, 3
707, 3
708, 3
709, 3
710, 3
711, 3
712, 3
713, 3
714, 3
715, 3
716, 3
717, 3
718, 3
719, 3
720, 3
721, 3
722, 3
723, 3
724, 3
725, 3
726, 3
727, 3
728, 3
729, 3
730, 3
731, 3
732, 3
733, 3
734, 3
735, 3
736, 3
737, 3
738, 3
739, 3
740, 3
741, 3
742, 3
743, 3
744, 3
745, 3
746, 3
747, 3
748, 3
749, 3
750, 3
751, 3
752, 3
753, 3
754, 3
755, 3
756, 3
757, 3
758, 3
759, 3
760, 3
761, 3
762, 3
763, 3
764, 3
765, 3
766, 3
767, 3
768, 3
769, 3
770, 3
771, 3
772, 3
773, 3
774, 3
775, 3
776, 3
777, 3
778, 3
779, 3
780, 3
781, 3
782, 3
783, 3
784, 3
785, 3
786, 3
787, 3
788, 3
789, 3
790, 3
791, 3
792, 3
793, 3
794, 3
795, 3
796, 3
797, 3
798, 3
799, 3
800, 3
801, 3
802, 3
803, 3
804, 3
805, 3
806, 3
807, 3
808, 3
809, 3
810, 3
811, 3
812, 3
813, 3
814, 3
815, 3
816, 3
817, 3
818, 3
819, 3
820, 3
821, 3
822, 3
823, 3
824, 3
825, 3
826, 3
827, 3
828, 3
829, 3
830, 3
831, 3
832, 3
833, 3
834, 3
835, 3
836, 3
837, 3
838, 3
839, 3
840, 3
841, 3
842, 3
843, 3
844, 3
845, 3
846, 3
847, 3
848, 3
849, 3
850, 3
851, 3
852, 3
853, 3
854, 3
855, 3
856, 3
857, 3
858, 3
859, 3
860, 3
861, 3
862, 3
863, 3
864, 3
865, 3
866, 3
867, 3
868, 3
869, 3
870, 3
871, 3
872, 3
873, 3
874, 3
875, 3
876, 3
877, 3
878, 3
879, 3
880, 3
881, 3
882, 3
883, 3
884, 3
885, 3
886, 3
887, 3
888, 3
889, 3
890, 3
891, 3
892, 3
893, 3
894, 3
895, 3
896, 3
897, 3
898, 3
899, 3
900, 3
901, 3
902, 3
903, 3
904, 3
905, 3
906, 3
907, 3
908, 3
909, 3
910, 3
911, 3
912, 3
913, 3
914, 3
915, 3
916, 3
917, 3
918, 3
919, 3
920, 3
921, 3
922, 3
923, 3
924, 3
925, 3
926, 3
927, 3
928, 3
929, 3
930, 3
931, 3
932, 3
933, 3
934, 3
935, 3
936, 3
937, 3
938, 3
939, 3
940, 3
941, 3
942, 3
943, 3
944, 3
945, 3
946, 3
947, 3
948, 3
949, 3
950, 3
951, 3
952, 3
953, 3
954, 3
955, 3
956, 3
957, 3
958, 3
959, 3
960, 3
961, 3
962, 3
963, 3
964, 3
965, 3
966, 3
967, 3
968, 3
969, 3
970, 3
971, 3
972, 3
973, 3
974, 3
975, 3
976, 3
977, 3
978, 3
979, 3
980, 3
981, 3
982, 3
983, 3
984, 3
985, 3
986, 3
987, 3
988, 3
989, 3
990, 3
991, 3
992, 3
993, 3
994, 3
995, 3
996, 3
997, 3
998, 3
999, 3
1000, 3
1001, 3
1002, 3
1003, 3
1004, 3
1005, 3
1006, 3
1007, 3
1008, 3
1009, 3
1010, 3
1011, 3
1012, 3
1013, 3
1014, 3
1015, 3
1016, 3
1017, 3
1018, 3
1019, 3
1020, 3
1021, 3
1022, 3
1023, 3
1024, 3
1025, 3
1026, 3
1027, 3
1028, 3
1029, 3
1030, 3
1031, 3
1032, 3
1033, 3
1034, 3
1035, 3
1036, 3
1037, 3
1038, 3
1039, 3
1040, 3
1041, 3
1042, 3
1043, 3
1044, 3
1045, 3
1046, 3
1047, 3
1048, 3
1049, 3
1050, 3
1051, 3
1052, 3
1053, 3
1054, 3
1055, 3
1056, 3
1057, 3
1058, 3
1059, 3
1060, 3
1061, 3
1062, 3
1063, 3
1064, 3
1065, 3
1066, 3
1067, 3
1068, 3
1069, 3
1070, 3
1071, 3
1072, 3
1073, 3
1074, 3
1075, 3
1076, 3
1077, 3
1078, 3
1079, 3
1080, 3
1081, 3
1082, 3
1083, 3
1084, 3
1085, 3
1086, 3
1087, 3
1088, 3
1089, 3
1090, 3
1091, 3
1092, 3
1093, 3
1094, 3
1095, 3
1096, 3
1097, 3
1098, 3
1099, 3
1100, 3
1101, 3
1102, 3
1103, 3
1104, 3
1105, 3
1106, 3
1107, 3
1108, 3
1109, 3
1110, 3
1111, 3
1112, 3
1113, 3
1114, 3
1115, 3
1116, 3
1117, 3
1118, 3
1119, 3
1120, 3
1121, 3
1122, 3
1123, 3
1124, 3
1125, 3
1126, 3
1127, 3
1128, 3
1129, 3
1130, 3
1131, 3
1132, 3
1133, 3
1134, 3
1135, 3
1136, 3
1137, 3
1138, 3
1139, 3
1140, 3
1141, 3
1142, 3
1143, 3
1144, 3
1145, 3
1146, 3
1147, 3
1148, 3
1149, 3
1150, 3
1151, 3
1152, 3
1153, 3
1154, 3
1155, 3
1156, 3
1157, 3
1158, 3
1159, 3
1160, 3
1161, 3
1162, 3
1163, 3
1164, 3
1165, 3
1166, 3
1167, 3
1168, 3
1169, 3
1170, 3
1171, 3
1172, 3
1173, 3
1174, 3
1175, 3
1176, 3
1177, 3
1178, 3
1179, 3
1180, 3
1181, 3
1182, 3
1183, 3
1184, 3
1185, 3
1186, 3
1187, 3
1188, 3
1189, 3
1190, 3
1191, 3
1192, 3
1193, 3
1194, 3
1195, 3
1196, 3
1197, 3
1198, 3
1199, 3
1200, 3
1201, 3
1202, 3
1203, 3
1204, 3
1205, 3
1206, 3
1207, 3
1208, 3
1209, 3
1210, 3
1211, 3
1212, 3
1213, 3
1214, 3
1215, 3
1216, 3
1217, 3
1218, 3
1219, 3
1220, 3
1221, 3
1222, 3
1223, 3
1224, 3
1225, 3
1226, 3
1227, 3
1228, 3
1229, 3
1230, 3
1231, 3
1232, 3
1233, 3
1234, 3
1235, 3
1236, 3
1237, 3
1238, 3
1239, 3
1240, 3
1241, 3
1242, 3
1243, 3
1244, 3
1245, 3
1246, 3
1247, 3
1248, 3
1249, 3
1250, 3
1251, 3
1252, 3
1253, 3
1254, 3
1255, 3
1256, 3
1257, 3
1258, 3
1259, 3
1260, 3
1261, 3
1262, 3
1263, 3
1264, 3
1265, 3
1266, 3
1267, 3
1268, 3
1269, 3
1270, 3
1271, 3
1272, 3
1273, 3
1274, 3
1275, 3
1276, 3
1277, 3
1278, 3
1279, 3
1280, 3
1281, 3
1282, 3
1283, 3
1284, 3
1285, 3
1286, 3
1287, 3
1288, 3
1289, 3
1290, 3
1291, 3
1292, 3
1293, 3
1294, 3
1295, 3
1296, 3
1297, 3
1298, 3
1299, 3
1300, 3
1301, 3
1302, 3
1303, 3
1304, 3
1305, 3
1306, 3
1307, 3
1308, 3
1309, 3
1310, 3
1311, 3
1312, 3
1313, 3
1314, 3
1315, 3
1316, 3
1317, 3
1318, 3
1319, 3
1320, 3
1321, 3
1322, 3
1323, 3
1324, 3
1325, 3
1326, 3
1327, 3
1328, 3
1329, 3
1330, 3
1331, 3
1332, 3
1333, 3
1334, 3
1335, 3
1336, 3
1337, 3
1338, 3
1339, 3
1340, 3
1341, 3
1342, 3
1343, 3
1344, 3
1345, 3
1346, 3
1347, 3
1348, 3
1349, 3
1350, 3
1351, 3
1352, 3
1353, 3
1354, 3
1355, 3
1356, 3
1357, 3
1358, 3
1359, 3
1360, 3
1361, 3
1362, 3
1363, 3
1364, 3
1365, 3
1366, 3
1367, 3
1368, 3
1369, 3
1370, 3
1371, 3
1372, 3
1373, 3
1374, 3
1375, 3
1376, 3
1377, 3
1378, 3
1379, 3
1380, 3
1381, 3
1382, 3
1383, 3
1384, 3
1385, 3
1386, 3
1387, 3
1388, 3
1389, 3
1390, 3
1391, 3
1392, 3
1393, 3
1394, 3
1395, 3
1396, 3
1397, 3
1398, 3
1399, 3
1400, 3
1401, 3
1402, 3
1403, 3
1404, 3
1405, 3
1406, 3
1407, 3
1408, 3
1409, 3
1410, 3
1411, 3
1412, 3
1413, 3
1414, 3
1415, 3
1416, 3
1417, 3
1418, 3
1419, 3
1420, 3
1421, 3
1422, 3
1423, 3
1424, 3
1425, 3
1426, 3
1427, 3
1428, 3
1429, 3
1430, 3
1431, 3
1432, 3
1433, 3
1434, 3
1435, 3
1436, 3
1437, 3
1438, 3
1439, 3
1440, 3
1441, 3
1442, 3
1443, 3
1444, 3
1445, 3
1446, 3
1447, 3
1448, 3
1449, 3
1450, 3
1451, 3
1452, 3
1453, 3
1454, 3
1455, 3
1456, 3
1457, 3
1458, 3
1459, 3
1460, 3
1461, 3
1462, 3
1463, 3
1464, 3
1465, 3
1466, 3
1467, 3
1468, 3
1469, 3
1470, 3
1471, 3
1472, 3
1473, 3
1474, 3
1475, 3
1476, 3
1477, 3
1478, 3
1479, 3
1480, 3
1481, 3
1482, 3
1483, 3
1484, 3
1485, 3
1486, 3
1487, 3
1488, 3
1489, 3
1490, 3
1491, 3
1492, 3
1493, 3
1494, 3
1495, 3
1496, 3
1497, 3
1498, 3
1499, 3
1500, 3
1501, 2
1501, 3
0, 0
0, 0, 0
10, 2, 0
20, 0, 0
30, 2, 0
40, 0, 0
50, 2, 0
60, 0, 0
70, 2, 0
80, 0, 0
90, 2, 0
100, 0, 0
110, 2, 0
120, 0, 0
130, 2, 0
140, 0, 0
150, 2, 0
160, 0, 0
170, 2, 0
180, 0, 0
190, 2, 0
200, 0, 0
210, 2, 0
220, 0, 0
230, 2, 0
240, 0, 0
250, 2, 0
260, 0, 0
270, 2, 0
280, 0, 0
290, 2, 0
300, 0, 0
310, 2, 0
320, 0, 0
330, 2, 0
340, 0, 0
350, 2, 0
360, 0, 0
370, 2, 0
380, 0, 0
390, 2, 0
400, 0, 0
410, 2, 0
420, 0, 0
430, 2, 0
440, 0, 0
450, 2, 0
460, 0, 0
470, 2, 0
480, 0, 0
490, 2, 0
500, 0, 0
510, 2, 0
520, 0, 0
530, 2, 0
540, 0, 0
550, 2, 0
560, 0, 0
570, 2, 0
580, 0, 0
590, 2, 0
600, 0, 0
610, 2, 0
620, 0, 0
630, 2, 0
640, 0, 0
650, 2, 0
660, 0, 0
670, 2, 0
680, 0, 0
690, 2, 0
700, 0, 0
710, 2, 0
720, 0, 0
730, 2, 0
740, 0, 0
750, 2, 0
760, 0, 0
770, 2, 0
780, 0, 0
790, 2, 0
800, 0, 0
810, 2, 0
820, 0, 0
830, 2, 0
840, 0, 0
850, 2, 0
860, 0, 0
870, 2, 0
880, 0, 0
890, 2, 0
900, 0, 0
910, 2, 0
920, 0, 0
930, 2, 0
940, 0, 0
950, 2, 0
960, 0, 0
970, 2, 0
980, 0, 0
990, 2, 0
1000, 0, 0
1010, 2, 0
1020, 0, 0
1030, 2, 0
1040, 0, 0
1050, 2, 0
1060, 0, 0
1070, 2, 0
1080, 0, 0
1090, 2, 0
1100, 0, 0
1110, 2, 0
1120, 0, 0
1130, 2, 0
1140, 0, 0
1150, 2, 0
1160, 0, 0
1170, 2, 0
1180, 0, 0
1190, 2, 0
1200, 0, 0
1210, 2, 0
1220, 0, 0
1230, 2, 0
1240, 0, 0
1250, 2, 0
1260, 0, 0
1270, 2, 0
1280, 0, 0
1290, 2, 0
1300, 0, 0
1310, 2, 0
1320, 0, 0
1330, 2, 0
1340, 0, 0
1350, 2, 0
1360, 0, 0
1370, 2, 0
1380, 0, 0
1390, 2, 0
1400, 0, 0
1410, 2, 0
1420, 0, 0
1430, 2, 0
1440, 0, 0
1450, 2, 0
1460, 0, 0
1470, 2, 0
1480, 0, 0
1490, 2, 0
1500, 0, 0
1510, 2, 0
1520, 0, 0
1530, 2, 0
1540, 0, 0
1550, 2, 0
1560, 0, 0
1570, 2, 0
1580, 0, 0
1590, 2, 0
1600, 0, 0
1610, 2, 0
1620, 0, 0
1630, 2, 0
1640, 0, 0
1650, 2, 0
1660, 0, 0
1670, 2, 0
1680, 0, 0
1690, 2, 0
1700, 0, 0
1710, 2, 0
1720, 0, 0
1730, 2, 0
1740, 0, 0
1750, 2, 0
1760, 0, 0
1770, 2, 0
1780, 0, 0
1790, 2, 0
1800, 0, 0
1810, 2, 0
1820, 0, 0
1830, 2, 0
1840, 0, 0
1850, 2, 0
1860, 0, 0
1870, 2, 0
1880, 0, 0
1890, 2, 0
1900, 0, 0
1910, 2, 0
1920, 0, 0
1930, 2, 0
1940, 0, 0
1950, 2, 0
1960, 0, 0
1970, 2, 0
1980, 0, 0
1990, 2, 0
2000, 0, 0
2010, 2, 0
2020, 0, 0
2030, 2, 0
2040, 0, 0
2050, 2, 0
2060, 0, 0
2070, 2, 0
2080, 0, 0
2090, 2, 0
2100, 0, 0
2110, 2, 0
2120, 0, 0
2130, 2, 0
2140, 0, 0
2150, 2, 0
2160, 0, 0
2170, 2, 0
2180, 0, 0
2190, 2, 0
2200, 0, 0
2210, 2, 0
2220, 0, 0
2230, 2, 0
2240, 0, 0
2250, 2, 0
2260, 0, 0
2270, 2, 0
2280, 0, 0
2290, 2, 0
2300, 0, 0
2310, 2, 0
2320, 0, 0
2330, 2, 0
2340, 0, 0
2350, 2, 0
2360, 0, 0
2370, 2, 0
2380, 0, 0
2390, 2, 0
2400, 0, 0
2410, 2, 0
2420, 0, 0
2430, 2, 0
2440, 0, 0
2450, 2, 0
2460, 0, 0
2470, 2, 0
2480, 0, 0
2490, 2, 0
2500, 0, 0
2510, 2, 0
2520, 0, 0
2530, 2, 0
2540, 0, 0
2550, 2, 0
2560, 0, 0
2570, 2, 0
2580, 0, 0
2590, 2, 0
2600, 0, 0
2610, 2, 0
2620, 0, 0
2630, 2, 0
2640, 0, 0
2650, 2, 0
2660, 0, 0
2670, 2, 0
2680, 0, 0
2690, 2, 0
2700, 0, 0
2710, 2, 0
2720, 0, 0
2730, 2, 0
2740, 0, 0
2750, 2, 0
2760, 0, 0
2770, 2, 0
2780, 0, 0
2790, 2, 0
2800, 0, 0
2810, 2, 0
2820, 0, 0
2830, 2, 0
2840, 0, 0
2850, 2, 0
2860, 0, 0
2870, 2, 0
2880, 0, 0
2890, 2, 0
2900, 0, 0
2910, 2, 0
2920, 0, 0
2930, 2, 0
2940, 0, 0
2950, 2, 0
2960, 0, 0
2970, 2, 0
2980, 0, 0
2990, 2, 0
3000, 0, 0
3010, 2, 0
3020, 0, 0
3030, 2, 0
3040, 0, 0
3050, 2, 0
3060, 0, 0
3070, 2, 0
3080, 0, 0
3090, 2, 0
3100, 0, 0
3110, 2, 0
3120, 0, 0
3130, 2, 0
3140, 0, 0
3150, 2, 0
3160, 0, 0
3170, 2, 0
3180, 0, 0
3190, 2, 0
3200, 0, 0
3210, 2, 0
3220, 0, 0
3230, 2, 0
3240, 0, 0
3250, 2, 0
3260, 0, 0
3270, 2, 0
3280, 0, 0
3290, 2, 0
3300, 0, 0
3310, 2, 0
3320, 0, 0
3330, 2, 0
3340, 0, 0
3350, 2, 0
3360, 0, 0
3370, 2, 0
3380, 0, 0
3390, 2, 0
3400, 0, 0
3410, 2, 0
3420, 0, 0
3430, 2, 0
3440, 0, 0
3450, 2, 0
3460, 0, 0
3470, 2, 0
3480, 0, 0
3490, 2, 0
3500, 0, 0
3510, 2, 0
3520, 0, 0
3530, 2, 0
3540, 0, 0
3550, 2, 0
3560, 0, 0
3570, 2, 0
3580, 0, 0
3590, 2, 0
3600, 0, 0
3610, 2, 0
3620, 0, 0
3630, 2, 0
3640, 0, 0
3650, 2, 0
3660, 0, 0
3670, 2, 0
3680, 0, 0
3690, 2, 0
3700, 0, 0
3710, 2, 0
3720, 0, 0
3730, 2, 0
3740, 0, 0
3750, 2, 0
3760, 0, 0
3770, 2, 0
3780, 0, 0
3790, 2, 0
3800, 0, 0
3810, 2, 0
3820, 0, 0
3830, 2, 0
3840, 0, 0
3850, 2, 0
3860, 0, 0
3870, 2, 0
3880, 0, 0
3890, 2, 0
3900, 0, 0
3910, 2, 0
3920, 0, 0
3930, 2, 0
3940, 0, 0
3950, 2, 0
3960, 0, 0
3970, 2, 0
3980, 0, 0
3990, 2, 0
4000, 0, 0
4010, 2, 0
4020, 0, 0
4030, 2, 0
4040, 0, 0
4050, 2, 0
4060, 0, 0
4070, 2, 0
4080, 0, 0
4090, 2, 0
4100, 0, 0
4110, 2, 0
4120, 0, 0
4130, 2, 0
4140, 0, 0
4150, 2, 0
4160, 0, 0
4170, 2, 0
4180, 0, 0
4190, 2, 0
4200, 0, 0
4210, 2, 0
4220, 0, 0
4230, 2, 0
4240, 0, 0
4250, 2, 0
4260, 0, 0
4270, 2, 0
4280, 0, 0
4290, 2, 0
4300, 0, 0
4310, 2, 0
4320, 0, 0
4330, 2, 0
4340, 0, 0
4350, 2, 0
4360, 0, 0
4370, 2, 0
4380, 0, 0
4390, 2, 0
4400, 0, 0
4410, 2, 0
4420, 0, 0
4430, 2, 0
4440, 0, 0
4450, 2, 0
4460, 0, 0
4470, 2, 0
4480, 0, 0
4490, 2, 0
4500, 0, 0
4510, 2, 0
4520, 0, 0
4530, 2, 0
4540, 0, 0
4550, 2, 0
4560, 0, 0
4570, 2, 0
4580, 0, 0
4590, 2, 0
4600, 0, 0
4610, 2, 0
4620, 0, 0
4630, 2, 0
4640, 0, 0
4650, 2, 0
4660, 0, 0
4670, 2, 0
4680, 0, 0
4690, 2, 0
4700, 0, 0
4710, 2, 0
4720, 0, 0
4730, 2, 0
4740, 0, 0
4750, 2, 0
4760, 0, 0
4770, 2, 0
4780, 0, 0
4790, 2, 0
4800, 0, 0
4810, 2, 0
4820, 0, 0
4830, 2, 0
4840, 0, 0
4850, 2, 0
4860, 0, 0
4870, 2, 0
4880, 0, 0
4890, 2, 0
4900, 0, 0
4910, 2, 0
4920, 0, 0
4930, 2, 0
4940, 0, 0
4950, 2, 0
4960, 0, 0
4970, 2, 0
4980, 0, 0
4990, 2, 0
5000, 0, 0
5010, 2, 0
5020, 0, 0
5030, 2, 0
5040, 0, 0
5050, 2, 0
5060, 0, 0
5070, 2, 0
5080, 0, 0
5090, 2, 0
5100, 0, 0
5110, 2, 0
5120, 0, 0
5130, 2, 0
5140, 0, 0
5150, 2, 0
5160, 0, 0
5170, 2, 0
5180, 0, 0
5190, 2, 0
5200, 0, 0
5210, 2, 0
5220, 0, 0
5230, 2, 0
5240, 0, 0
5250, 2, 0
5260, 0, 0
5270, 2, 0
5280, 0, 0
5290, 2, 0
5300, 0, 0
5310, 2, 0
5320, 0, 0
5330, 2, 0
5340, 0, 0
5350, 2, 0
5360, 0, 0
5370, 2, 0
5380, 0, 0
5390, 2, 0
5400, 0, 0
5410, 2, 0
5420, 0, 0
5430, 2, 0
5440, 0, 0
5450, 2, 0
5460, 0, 0
5470, 2, 0
5480, 0, 0
5490, 2, 0
5500, 0, 0
5510, 2, 0
5520, 0, 0
5530, 2, 0
5540, 0, 0
5550, 2, 0
5560, 0, 0
5570, 2, 0
5580, 0, 0
5590, 2, 0
5600, 0, 0
5610, 2, 0
5620, 0, 0
5630, 2, 0
5640, 0, 0
5650, 2, 0
5660, 0, 0
5670, 2, 0
5680, 0, 0
5690, 2, 0
5700, 0, 0
5710, 2, 0
5720, 0, 0
5730, 2, 0
5740, 0, 0
5750, 2, 0
5760, 0, 0
5770, 2, 0
5780, 0, 0
5790, 2, 0
5800, 0, 0
5810, 2, 0
5820, 0, 0
5830, 2, 0
5840, 0, 0
5850, 2, 0
5860, 0, 0
5870, 2, 0
5880, 0, 0
5890, 2, 0
5900, 0, 0
5910, 2, 0
5920, 0, 0
5930, 2, 0
5940, 0, 0
5950, 2, 0
5960, 0, 0
5970, 2, 0
5980, 0, 0
5990, 2, 0
6000, 0, 0
6010, 2, 0
6020, 0, 0
6030, 2, 0
6040, 0, 0
6050, 2, 0
6060, 0, 0
6070, 2, 0
6080, 0, 0
6090, 2, 0
6100, 0, 0
6110, 2, 0
6120, 0, 0
6130, 2, 0
6140, 0, 0
6150, 2, 0
6160, 0, 0
6170, 2, 0
6180, 0, 0
6190, 2, 0
6200, 0, 0
6210, 2, 0
6220, 0, 0
6230, 2, 0
6240, 0, 0
6250, 2, 0
6260, 0, 0
6270, 2, 0
6280, 0, 0
6290, 2, 0
6300, 0, 0
6310, 2, 0
6320, 0, 0
6330, 2, 0
6340, 0, 0
6350, 2, 0
6360, 0, 0
6370, 2, 0
6380, 0, 0
6390, 2, 0
6400, 0, 0
6410, 2, 0
6420, 0, 0
6430, 2, 0
6440, 0, 0
6450, 2, 0
6460, 0, 0
6470, 2, 0
6480, 0, 0
6490, 2, 0
6500, 0, 0
6510, 2, 0
6520, 0, 0
6530, 2, 0
6540, 0, 0
6550, 2, 0
6560, 0, 0
6570, 2, 0
6580, 0, 0
6590, 2, 0
6600, 0, 0
6610, 2, 0
6620, 0, 0
6630, 2, 0
6640, 0, 0
6650, 2, 0
6660, 0, 0
6670, 2, 0
6680, 0, 0
6690, 2, 0
6700, 0, 0
6710, 2, 0
6720, 0, 0
6730, 2, 0
6740, 0, 0
6750, 2, 0
6760, 0, 0
6770, 2, 0
6780, 0, 0
6790, 2, 0
6800, 0, 0
6810, 2, 0
6820, 0, 0
6830, 2, 0
6840, 0, 0
6850, 2, 0
6860, 0, 0
6870, 2, 0
6880, 0, 0
6890, 2, 0
6900, 0, 0
6910, 2, 0
6920, 0, 0
6930, 2, 0
6940, 0, 0
6950, 2, 0
6960, 0, 0
6970, 2, 0
6980, 0, 0
6990, 2, 0
7000, 0, 0
7010, 2, 0
7020, 0, 0
7030, 2, 0
7040, 0, 0
7050, 2, 0
7060, 0, 0
7070, 2, 0
7080, 0, 0
7090, 2, 0
7100, 0, 0
7110, 2, 0
7120, 0, 0
7130, 2, 0
7140, 0, 0
7150, 2, 0
7160, 0, 0
7170, 2, 0
7180, 0, 0
7190, 2, 0
7200, 0, 0
7210, 2, 0
7220, 0, 0
7230, 2, 0
7240, 0, 0
7250, 2, 0
7260, 0, 0
7270, 2, 0
7280, 0, 0
7290, 2, 0
7300, 0, 0
7310, 2, 0
7320, 0, 0
7330, 2, 0
7340, 0, 0
7350, 2, 0
7360, 0, 0
7370, 2, 0
7380, 0, 0
7390, 2, 0
7400, 0, 0
7410, 2, 0
7420, 0, 0
7430, 2, 0
7440, 0, 0
7450, 2, 0
7460, 0, 0
7470, 2, 0
7480, 0, 0
7490, 2, 0
7500, 0, 0
7510, 2, 0
7520, 0, 0
7530, 2, 0
7540, 0, 0
7550, 2, 0
7560, 0, 0
7570, 2, 0
7580, 0, 0
7590, 2, 0
7600, 0, 0
7610, 2, 0
7620, 0, 0
7630, 2, 0
7640, 0, 0
7650, 2, 0
7660, 0, 0
7670, 2, 0
7680, 0, 0
7690, 2, 0
7700, 0, 0
7710, 2, 0
7720, 0, 0
7730, 2, 0
7740, 0, 0
7750, 2, 0
7760, 0, 0
7770, 2, 0
7780, 0, 0
7790, 2, 0
7800, 0, 0
7810, 2, 0
7820, 0, 0
7830, 2, 0
7840, 0, 0
7850, 2, 0
7860, 0, 0
7870, 2, 0
7880, 0, 0
7890, 2, 0
7900, 0, 0
7910, 2, 0
7920, 0, 0
7930, 2, 0
7940, 0, 0
7950, 2, 0
7960, 0, 0
7970, 2, 0
7980, 0, 0
7990, 2, 0
8000, 0, 0
8010, 2, 0
8020, 0, 0
8030, 2, 0
8040, 0, 0
8050, 2, 0
8060, 0, 0
8070, 2, 0
8080, 0, 0
8090, 2, 0
8100, 0, 0
8110, 2, 0
8120, 0, 0
8130, 2, 0
8140, 0, 0
8150, 2, 0
8160, 0, 0
8170, 2, 0
8180, 0, 0
8190, 2, 0
8200, 0, 0
8210, 2, 0
8220, 0, 0
8230, 2, 0
8240, 0, 0
8250, 2, 0
8260, 0, 0
8270, 2, 0
8280, 0, 0
8290, 2, 0
8300, 0, 0
8310, 2, 0
8320, 0, 0
8330, 2, 0
8340, 0, 0
8350, 2, 0
8360, 0, 0
8370, 2, 0
8380, 0, 0
8390, 2, 0
8400, 0, 0
8410, 2, 0
8420, 0, 0
8430, 2, 0
8440, 0, 0
8450, 2, 0
8460, 0, 0
8470, 2, 0
8480, 0, 0
8490, 2, 0
8500, 0, 0
8510, 2, 0
8520, 0, 0
8530, 2, 0
8540, 0, 0
8550, 2, 0
8560, 0, 0
8570, 2, 0
8580, 0, 0
8590, 2, 0
8600, 0, 0
8610, 2, 0
8620, 0, 0
8630, 2, 0
8640, 0, 0
8650, 2, 0
8660, 0, 0
8670, 2, 0
8680, 0, 0
8690, 2, 0
8700, 0, 0
8710, 2, 0
8720, 0, 0
8730, 2, 0
8740, 0, 0
8750, 2, 0
8760, 0, 0
8770, 2, 0
8780, 0, 0
8790, 2, 0
8800, 0, 0
8810, 2, 0
8820, 0, 0
8830, 2, 0
8840, 0, 0
8850, 2, 0
8860, 0, 0
8870, 2, 0
8880, 0, 0
8890, 2, 0
8900, 0, 0
8910, 2, 0
8920, 0, 0
8930, 2, 0
8940, 0, 0
8950, 2, 0
8960, 0, 0
8970, 2, 0
8980, 0, 0
8990, 2, 0
9000, 0, 0
9010, 2, 0
9020, 0, 0
9030, 2, 0
9040, 0, 0
9050, 2, 0
9060, 0, 0
9070, 2, 0
9080, 0, 0
9090, 2, 0
9100, 0, 0
9110, 2, 0
9120, 0, 0
9130, 2, 0
9140, 0, 0
9150, 2, 0
9160, 0, 0
9170, 2, 0
9180, 0, 0
9190, 2, 0
9200, 0, 0
9210, 2, 0
9220, 0, 0
9230, 2, 0
9240, 0, 0
9250, 2, 0
9260, 0, 0
9270, 2, 0
9280, 0, 0
9290, 2, 0
9300, 0, 0
9310, 2, 0
9320, 0, 0
9330, 2, 0
9340, 0, 0
9350, 2, 0
9360, 0, 0
9370, 2, 0
9380, 0, 0
9390, 2, 0
9400, 0, 0
9410, 2, 0
9420, 0, 0
9430, 2, 0
9440, 0, 0
9450, 2, 0
9460, 0, 0
9470, 2, 0
9480, 0, 0
9490, 2, 0
9500, 0, 0
9510, 2, 0
9520, 0, 0
9530, 2, 0
9540, 0, 0
9550, 2, 0
9560, 0, 0
9570, 2, 0
9580, 0, 0
9590, 2, 0
9600, 0, 0
9610, 2, 0
9620, 0, 0
9630, 2, 0
9640, 0, 0
9650, 2, 0
9660, 0, 0
9670, 2, 0
9680, 0, 0
9690, 2, 0
9700, 0, 0
9710, 2, 0
9720, 0, 0
9730, 2, 0
9740, 0, 0
9750, 2, 0
9760, 0, 0
9770, 2, 0
9780, 0, 0
9790, 2, 0
9800, 0, 0
9810, 2, 0
9820, 0, 0
9830, 2, 0
9840, 0, 0
9850, 2, 0
9860, 0, 0
9870, 2, 0
9880, 0, 0
9890, 2, 0
9900, 0, 0
9910, 2, 0
9920, 0, 0
9930, 2, 0
9940, 0, 0
9950, 2, 0
9960, 0, 0
9970, 2, 0
9980, 0, 0
9990, 2, 0
10000, 0, 0
10010, 2, 0
10020, 0, 0
10030, 2, 0
10040, 0, 0
10050, 2, 0
10060, 0, 0
10070, 2, 0
10080, 0, 0
10090, 2, 0
10100, 0, 0
10110, 2, 0
10120, 0, 0
10130, 2, 0
10140, 0, 0
10150, 2, 0
10160, 0, 0
10170, 2, 0
10180, 0, 0
10190, 2, 0
10200, 0, 0
10210, 2, 0
10220, 0, 0
10230, 2, 0
10240, 0, 0
10250, 2, 0
10260, 0, 0
10270, 2, 0
10280, 0, 0
10290, 2, 0
10300, 0, 0
10310, 2, 0
10320, 0, 0
10330, 2, 0
10340, 0, 0
10350, 2, 0
10360, 0, 0
10370, 2, 0
10380, 0, 0
10390, 2, 0
10400, 0, 0
10410, 2, 0
10420, 0, 0
10430, 2, 0
10440, 0, 0
10450, 2, 0
10460, 0, 0
10470, 2, 0
10480, 0, 0
10490, 2, 0
10500, 0, 0
10510, 2, 0
10520, 0, 0
10530, 2, 0
10540, 0, 0
10550, 2, 0
10560, 0, 0
10570, 2, 0
10580, 0, 0
10590, 2, 0
10600, 0, 0
10610, 2, 0
10620, 0, 0
10630, 2, 0
10640, 0, 0
10650, 2, 0
10660, 0, 0
10670, 2, 0
10680, 0, 0
10690, 2, 0
10700, 0, 0
10710, 2, 0
10720, 0, 0
10730, 2, 0
10740, 0, 0
10750, 2, 0
10760, 0, 0
10770, 2, 0
10780, 0, 0
10790, 2, 0
10800, 0, 0
10810, 2, 0
10820, 0, 0
10830, 2, 0
10840, 0, 0
10850, 2, 0
10860, 0, 0
10870, 2, 0
10880, 0, 0
10890, 2, 0
10900, 0, 0
10910, 2, 0
10920, 0, 0
10930, 2, 0
10940, 0, 0
10950, 2, 0
10960, 0, 0
10970, 2, 0
10980, 0, 0
10990, 2, 0
11000, 0, 0
11010, 2, 0
11020, 0, 0
11030, 2, 0
11040, 0, 0
11050, 2, 0
11060, 0, 0
11070, 2, 0
11080, 0, 0
11090, 2, 0
11100, 0, 0
11110, 2, 0
11120, 0, 0
11130, 2, 0
11140, 0, 0
11150, 2, 0
11160, 0, 0
11170, 2, 0
11180, 0, 0
11190, 2, 0
11200, 0, 0
11210, 2, 0
11220, 0, 0
11230, 2, 0
11240, 0, 0
11250, 2, 0
11260, 0, 0
11270, 2, 0
11280, 0, 0
11290, 2, 0
11300, 0, 0
11310, 2, 0
11320, 0, 0
11330, 2, 0
11340, 0, 0
11350, 2, 0
11360, 0, 0
11370, 2, 0
11380, 0, 0
11390, 2, 0
11400, 0, 0
11410, 2, 0
11420, 0, 0
11430, 2, 0
11440, 0, 0
11450, 2, 0
11460, 0, 0
11470, 2, 0
11480, 0, 0
11490, 2, 0
11500, 0, 0
11510, 2, 0
11520, 0, 0
11530, 2, 0
11540, 0, 0
11550, 2, 0
11560, 0, 0
11570, 2, 0
11580, 0, 0
11590, 2, 0
11600, 0, 0
11610, 2, 0
11620, 0, 0
11630, 2, 0
11640, 0, 0
11650, 2, 0
11660, 0, 0
11670, 2, 0
11680, 0, 0
11690, 2, 0
11700, 0, 0
11710, 2, 0
11720, 0, 0
11730, 2, 0
11740, 0, 0
11750, 2, 0
11760, 0, 0
11770, 2, 0
11780, 0, 0
11790, 2, 0
11800, 0, 0
11810, 2, 0
11820, 0, 0
11830, 2, 0
11840, 0, 0
11850, 2, 0
11860, 0, 0
11870, 2, 0
11880, 0, 0
11890, 2, 0
11900, 0, 0
11910, 2, 0
11920, 0, 0
11930, 2, 0
11940, 0, 0
11950, 2, 0
11960, 0, 0
11970, 2, 0
11980, 0, 0
11990, 2, 0
12000, 0, 0
12010, 2, 0
12020, 0, 0
12030, 2, 0
12040, 0, 0
12050, 2, 0
12060, 0, 0
12070, 2, 0
12080, 0, 0
12090, 2, 0
12100, 0, 0
12110, 2, 0
12120, 0, 0
12130, 2, 0
12140, 0, 0
12150, 2, 0
12160, 0, 0
12170, 2, 0
12180, 0, 0
12190, 2, 0
12200, 0, 0
12210, 2, 0
12220, 0, 0
12230, 2, 0
12240, 0, 0
12250, 2, 0
12260, 0, 0
12270, 2, 0
12280, 0, 0
12290, 2, 0
12300, 0, 0
12310, 2, 0
12320, 0, 0
12330, 2, 0
12340, 0, 0
12350, 2, 0
12360, 0, 0
12370, 2, 0
12380, 0, 0
12390, 2, 0
12400, 0, 0
12410, 2, 0
12420, 0, 0
12430, 2, 0
12440, 0, 0
12450, 2, 0
12460, 0, 0
12470, 2, 0
12480, 0, 0
12490, 2, 0
12500, 0, 0
12510, 2, 0
12520, 0, 0
12530, 2, 0
12540, 0, 0
12550, 2, 0
12560, 0, 0
12570, 2, 0
12580, 0, 0
12590, 2, 0
12600, 0, 0
12610, 2, 0
12620, 0, 0
12630, 2, 0
12640, 0, 0
12650, 2, 0
12660, 0, 0
12670, 2, 0
12680, 0, 0
12690, 2, 0
12700, 0, 0
12710, 2, 0
12720, 0, 0
12730, 2, 0
12740, 0, 0
12750, 2, 0
12760, 0, 0
12770, 2, 0
12780, 0, 0
12790, 2, 0
12800, 0, 0
12810, 2, 0
12820, 0, 0
12830, 2, 0
12840, 0, 0
12850, 2, 0
12860, 0, 0
12870, 2, 0
12880, 0, 0
12890, 2, 0
12900, 0, 0
12910, 2, 0
12920, 0, 0
12930, 2, 0
12940, 0, 0
12950, 2, 0
12960, 0, 0
12970, 2, 0
12980, 0, 0
12990, 2, 0
13000, 0, 0
13010, 2, 0
13020, 0, 0
13030, 2, 0
13040, 0, 0
13050, 2, 0
13060, 0, 0
13070, 2, 0
13080, 0, 0
13090, 2, 0
13100, 0, 0
13110, 2, 0
13120, 0, 0
13130, 2, 0
13140, 0, 0
13150, 2, 0
13160, 0, 0
13170, 2, 0
13180, 0, 0
13190, 2, 0
13200, 0, 0
13210, 2, 0
13220, 0, 0
13230, 2, 0
13240, 0, 0
13250, 2, 0
13260, 0, 0
13270, 2, 0
13280, 0, 0
13290, 2, 0
13300, 0, 0
13310, 2, 0
13320, 0, 0
13330, 2, 0
13340, 0, 0
13350, 2, 0
13360, 0, 0
13370, 2, 0
13380, 0, 0
13390, 2, 0
13400, 0, 0
13410, 2, 0
13420, 0, 0
13430, 2, 0
13440, 0, 0
13450, 2, 0
13460, 0, 0
13470, 2, 0
13480, 0, 0
13490, 2, 0
13500, 0, 0
13510, 2, 0
13520, 0, 0
13530, 2, 0
13540, 0, 0
13550, 2, 0
13560, 0, 0
13570, 2, 0
13580, 0, 0
13590, 2, 0
13600, 0, 0
13610, 2, 0
13620, 0, 0
13630, 2, 0
13640, 0, 0
13650, 2, 0
13660, 0, 0
13670, 2, 0
13680, 0, 0
13690, 2, 0
13700, 0, 0
13710, 2, 0
13720, 0, 0
13730, 2, 0
13740, 0, 0
13750, 2, 0
13760, 0, 0
13770, 2, 0
13780, 0, 0
13790, 2, 0
13800, 0, 0
13810, 2, 0
13820, 0, 0
13830, 2, 0
13840, 0, 0
13850, 2, 0
13860, 0, 0
13870, 2, 0
13880, 0, 0
13890, 2, 0
13900, 0, 0
13910, 2, 0
13920, 0, 0
13930, 2, 0
13940, 0, 0
13950, 2, 0
13960, 0, 0
13970, 2, 0
13980, 0, 0
13990, 2, 0
14000, 0, 0
14010, 2, 0
14020, 0, 0
14030, 2, 0
14040, 0, 0
14050, 2, 0
14060, 0, 0
14070, 2, 0
14080, 0, 0
14090, 2, 0
14100, 0, 0
14110, 2, 0
14120, 0, 0
14130, 2, 0
14140, 0, 0
14150, 2, 0
14160, 0, 0
14170, 2, 0
14180, 0, 0
14190, 2, 0
14200, 0, 0
14210, 2, 0
14220, 0, 0
14230, 2, 0
14240, 0, 0
14250, 2, 0
14260, 0, 0
14270, 2, 0
14280, 0, 0
14290, 2, 0
14300, 0, 0
14310, 2, 0
14320, 0, 0
14330, 2, 0
14340, 0, 0
14350, 2, 0
14360, 0, 0
14370, 2, 0
14380, 0, 0
14390, 2, 0
14400, 0, 0
14410, 2, 0
14420, 0, 0
14430, 2, 0
14440, 0, 0
14450, 2, 0
14460, 0, 0
14470, 2, 0
14480, 0, 0
14490, 2, 0
14500, 0, 0
14510, 2, 0
14520, 0, 0
14530, 2, 0
14540, 0, 0
14550, 2, 0
14560, 0, 0
14570, 2, 0
14580, 0, 0
14590, 2, 0
14600, 0, 0
14610, 2, 0
14620, 0, 0
14630, 2, 0
14640, 0, 0
14650, 2, 0
14660, 0, 0
14670, 2, 0
14680, 0, 0
14690, 2, 0
14700, 0, 0
14710, 2, 0
14720, 0, 0
14730, 2, 0
14740, 0, 0
14750, 2, 0
14760, 0, 0
14770, 2, 0
14780, 0, 0
14790, 2, 0
14800, 0, 0
14810, 2, 0
14820, 0, 0
14830, 2, 0
14840, 0, 0
14850, 2, 0
14860, 0, 0
14870, 2, 0
14880, 0, 0
14890, 2, 0
14900, 0, 0
14910, 2, 0
14920, 0, 0
14930, 2, 0
14940, 0, 0
14950, 2, 0
14960, 0, 0
14970, 2, 0
14980, 0, 0
14990, 2, 0
15000, 0, 0
1, 29000
1, 29000
1, 29000
1, 29000
1, 29000
1, 29000
1, 29000
1, 29000
1, 29000
1, 29000
1, 29000
1, 29000
1, 29000
1, 29000
1, 29000
1, 29000
1, 29000
1, 29000
1, 29000
1, 29000
1, 29000
1, 29000
1, 29000
1, 29000
1, 29000
1, 29000
1, 29000
1, 29000
1, 29000
1, 29000
1, 29000
1, 29000
1, 29000
1, 29000
1, 29000
1, 29000
1, 29000
1, 29000
1, 29000
1, 29000
1, 29000
1, 29000
1, 29000
1, 29000
1, 29000
1, 29000
1, 29000
1, 29000
1, 29000
1, 29000
1, 29000
1, 29000
1, 29000
1, 29000
1, 29000
1, 29000
1, 29000
1, 29000
1, 29000
1, 29000
1, 29000
1, 29000
1, 29000
1, 29000
1, 29000
1, 29000
1, 29000
1, 29000
1, 29000
1, 29000
1, 29000
1, 29000
1, 29000
1, 29000
1, 29000
1, 29000
1, 29000
1, 29000
1, 29000
1, 29000
1, 29000
1, 29000
1, 29000
1, 29000
1, 29000
1, 29000
1, 29000
1, 29000
1, 29000
1, 29000
1, 29000
1, 29000
1, 29000
1, 29000
1, 29000
1, 29000
1, 29000
1, 29000
1, 29000
1, 29000
1, 29000
1, 29000
1, 29000
1, 29000
1, 29000
1, 29000
1, 29000
1, 29000
1, 29000
1, 29000
1, 29000
1, 29000
1, 29000
1, 29000
1, 29000
1, 29000
1, 29000
1, 29000
1, 29000
1, 29000
1, 29000
1, 29000
1, 29000
1, 29000
1, 29000
1, 29000
1, 29000
1, 29000
1, 29000
1, 29000
1, 29000
1, 29000
1, 29000
1, 29000
1, 29000
1, 29000
1, 29000
1, 29000
1, 29000
1, 29000
1, 29000
1, 29000
1, 29000
1, 29000
1, 29000
1, 29000
1, 29000
1, 29000
1, 29000
1, 29000
1, 29000
1, 29000
1, 29000
1, 29000
1, 29000
1, 29000
1, 29000
1, 29000
1, 29000
1, 29000
1, 29000
1, 29000
1, 29000
1, 29000
1, 29000
1, 29000
1, 29000
1, 29000
1, 29000
1, 29000
1, 29000
1, 29000
1, 29000
1, 29000
1, 29000
1, 29000
1, 29000
1, 29000
1, 29000
1, 29000
1, 29000
1, 29000
1, 29000
1, 29000
1, 29000
1, 29000
1, 29000
1, 29000
1, 29000
1, 29000
1, 29000
1, 29000
1, 29000
1, 29000
1, 29000
1, 29000
1, 29000
1, 29000
1, 29000
1, 29000
1, 29000
1, 29000
1, 29000
1, 29000
1, 29000
1, 29000
1, 29000
1, 29000
1, 29000
1, 29000
1, 29000
1, 29000
1, 29000
1, 29000
1, 29000
1, 29000
1, 29000
1, 29000
1, 29000
1, 29000
1, 29000
1, 29000
1, 29000
1, 29000
1, 29000
1, 29000
1, 29000
1, 29000
1, 29000
1, 29000
1, 29000
1, 29000
1, 29000
1, 29000
1, 29000
1, 29000
1, 29000
1, 29000
1, 29000
1, 29000
1, 29000
1, 29000
1, 29000
1, 29000
1, 29000
1, 29000
1, 29000
1, 29000
1, 29000
1, 29000
1, 29000
1, 29000
1, 29000
1, 29000
1, 29000
1, 29000
1, 29000
1, 29000
1, 29000
1, 29000
1, 29000
1, 29000
1, 29000
1, 29000
1, 29000
1, 29000
1, 29000
1, 29000
1, 29000
1, 29000
1, 29000
1, 29000
1, 29000
1, 29000
1, 29000
1, 29000
1, 29000
1, 29000
1, 29000
1, 29000
1, 29000
1, 29000
1, 29000
1, 29000
1, 29000
1, 29000
1, 29000
1, 29000
1, 29000
1, 29000
1, 29000
1, 29000
1, 29000
1, 29000
1, 29000
1, 29000
1, 29000
1, 29000
1, 29000
1, 29000
1, 29000
1, 29000
1, 29000
1, 29000
1, 29000
1, 29000
1, 29000
1, 29000
1, 29000
1, 29000
1, 29000
1, 29000
1, 29000
1, 29000
1, 29000
1, 29000
1, 29000
1, 29000
1, 29000
1, 29000
1, 29000
1, 29000
1, 29000
1, 29000
1, 29000
1, 29000
1, 29000
1, 29000
1, 29000
1, 29000
1, 29000
1, 29000
1, 29000
1, 29000
1, 29000
1, 29000
1, 29000
1, 29000
1, 29000
1, 29000
1, 29000
1, 29000
1, 29000
1, 29000
1, 29000
1, 29000
1, 29000
1, 29000
1, 29000
1, 29000
1, 29000
1, 29000
1, 29000
1, 29000
1, 29000
1, 29000
1, 29000
1, 29000
1, 29000
1, 29000
1, 29000
1, 29000
1, 29000
1, 29000
1, 29000
1, 29000
1, 29000
1, 29000
1, 29000
1, 29000
1, 29000
1, 29000
1, 29000
1, 29000
1, 29000
1, 29000
1, 29000
1, 29000
1, 29000
1, 29000
1, 29000
1, 29000
1, 29000
1, 29000
1, 29000
1, 29000
1, 29000
1, 29000
1, 29000
1, 29000
1, 29000
1, 29000
1, 29000
1, 29000
1, 29000
1, 29000
1, 29000
1, 29000
1, 29000
1, 29000
1, 29000
1, 29000
1, 29000
1, 29000
1, 29000
1, 29000
1, 29000
1, 29000
1, 29000
1, 29000
1, 29000
1, 29000
1, 29000
1, 29000
1, 29000
1, 29000
1, 29000
1, 29000
1, 29000
1, 29000
1, 29000
1, 29000
1, 29000
1, 29000
1, 29000
1, 29000
1, 29000
1, 29000
1, 29000
1, 29000
1, 29000
1, 29000
1, 29000
1, 29000
1, 29000
1, 29000
1, 29000
1, 29000
1, 29000
1, 29000
1, 29000
1, 29000
1, 29000
1, 29000
1, 29000
1, 29000
1, 29000
1, 29000
1, 29000
1, 29000
1, 29000
1, 29000
1, 29000
1, 29000
1, 29000
1, 29000
1, 29000
1, 29000
1, 29000
1, 29000
1, 29000
1, 29000
1, 29000
1, 29000
1, 29000
1, 29000
1, 29000
1, 29000
1, 29000
1, 29000
1, 29000
1, 29000
1, 29000
1, 29000
1, 29000
1, 29000
1, 29000
1, 29000
1, 29000
1, 29000
1, 29000
1, 29000
1, 29000
1, 29000
1, 29000
1, 29000
1, 29000
1, 29000
1, 29000
1, 29000
1, 29000
1, 29000
1, 29000
1, 29000
1, 29000
1, 29000
1, 29000
1, 29000
1, 29000
1, 29000
1, 29000
1, 29000
1, 29000
1, 29000
1, 29000
1, 29000
1, 29000
1, 29000
1, 29000
1, 29000
1, 29000
1, 29000
1, 29000
1, 29000
1, 29000
1, 29000
1, 29000
1, 29000
1, 29000
1, 29000
1, 29000
1, 29000
1, 29000
1, 29000
1, 29000
1, 29000
1, 29000
1, 29000
1, 29000
1, 29000
1, 29000
1, 29000
1, 29000
1, 29000
1, 29000
1, 29000
1, 29000
1, 29000
1, 29000
1, 29000
1, 29000
1, 29000
1, 29000
1, 29000
1, 29000
1, 29000
1, 29000
1, 29000
1, 29000
1, 29000
1, 29000
1, 29000
1, 29000
1, 29000
1, 29000
1, 29000
1, 29000
1, 29000
1, 29000
1, 29000
1, 29000
1, 29000
1, 29000
1, 29000
1, 29000
1, 29000
1, 29000
1, 29000
1, 29000
1, 29000
1, 29000
1, 29000
1, 29000
1, 29000
1, 29000
1, 29000
1, 29000
1, 29000
1, 29000
1, 29000
1, 29000
1, 29000
1, 29000
1, 29000
1, 29000
1, 29000
1, 29000
1, 29000
1, 29000
1, 29000
1, 29000
1, 29000
1, 29000
1, 29000
1, 29000
1, 29000
1, 29000
1, 29000
1, 29000
1, 29000
1, 29000
1, 29000
1, 29000
1, 29000
1, 29000
1, 29000
1, 29000
1, 29000
1, 29000
1, 29000
1, 29000
1, 29000
1, 29000
1, 29000
1, 29000
1, 29000
1, 29000
1, 29000
1, 29000
1, 29000
1, 29000
1, 29000
1, 29000
1, 29000
1, 29000
1, 29000
1, 29000
1, 29000
1, 29000
1, 29000
1, 29000
1, 29000
1, 29000
1, 29000
1, 29000
1, 29000
1, 29000
1, 29000
1, 29000
1, 29000
1, 29000
1, 29000
1, 29000
1, 29000
1, 29000
1, 29000
1, 29000
1, 29000
1, 29000
1, 29000
1, 29000
1, 29000
1, 29000
1, 29000
1, 29000
1, 29000
1, 29000
1, 29000
1, 29000
1, 29000
1, 29000
1, 29000
1, 29000
1, 29000
1, 29000
1, 29000
1, 29000
1, 29000
1, 29000
1, 29000
1, 29000
1, 29000
1, 29000
1, 29000
1, 29000
1, 29000
1, 29000
1, 29000
1, 29000
1, 29000
1, 29000
1, 29000
1, 29000
1, 29000
1, 29000
1, 29000
1, 29000
1, 29000
1, 29000
1, 29000
1, 29000
1, 29000
1, 29000
1, 29000
1, 29000
1, 29000
1, 29000
1, 29000
1, 29000
1, 29000
1, 29000
1, 29000
1, 29000
1, 29000
1, 29000
1, 29000
1, 29000
1, 29000
1, 29000
1, 29000
1, 29000
1, 29000
1, 29000
1, 29000
1, 29000
1, 29000
1, 29000
1, 29000
1, 29000
1, 29000
1, 29000
1, 29000
1, 29000
1, 29000
1, 29000
1, 29000
1, 29000
1, 29000
1, 29000
1, 29000
1, 29000
1, 29000
1, 29000
1, 29000
1, 29000
1, 29000
1, 29000
1, 29000
1, 29000
1, 29000
1, 29000
1, 29000
1, 29000
1, 29000
1, 29000
1, 29000
1, 29000
1, 29000
1, 29000
1, 29000
1, 29000
1, 29000
1, 29000
1, 29000
1, 29000
1, 29000
1, 29000
1, 29000
1, 29000
1, 29000
1, 29000
1, 29000
1, 29000
1, 29000
1, 29000
1, 29000
1, 29000
1, 29000
1, 29000
1, 29000
1, 29000
1, 29000
1, 29000
1, 29000
1, 29000
1, 29000
1, 29000
1, 29000
1, 29000
1, 29000
1, 29000
1, 29000
1, 29000
1, 29000
1, 29000
1, 29000
1, 29000
1, 29000
1, 29000
1, 29000
1, 29000
1, 29000
1, 29000
1, 29000
1, 29000
1, 29000
1, 29000
1, 29000
1, 29000
1, 29000
1, 29000
1, 29000
1, 29000
1, 29000
1, 29000
1, 29000
1, 29000
1, 29000
1, 29000
1, 29000
1, 29000
1, 29000
1, 29000
1, 29000
1, 29000
1, 29000
1, 29000
1, 29000
1, 29000
1, 29000
1, 29000
1, 29000
1, 29000
1, 29000
1, 29000
1, 29000
1, 29000
1, 29000
1, 29000
1, 29000
1, 29000
1, 29000
1, 29000
1, 29000
1, 29000
1, 29000
1, 29000
1, 29000
1, 29000
1, 29000
1, 29000
1, 29000
1, 29000
1, 29000
1, 29000
1, 29000
1, 29000
1, 29000
1, 29000
1, 29000
1, 29000
1, 29000
1, 29000
1, 29000
1, 29000
1, 29000
1, 29000
1, 29000
1, 29000
1, 29000
1, 29000
1, 29000
1, 29000
1, 29000
1, 29000
1, 29000
1, 29000
1, 29000
1, 29000
1, 29000
1, 29000
1, 29000
1, 29000
1, 29000
1, 29000
1, 29000
1, 29000
1, 29000
1, 29000
1, 29000
1, 29000
1, 29000
1, 29000
1, 29000
1, 29000
1, 29000
1, 29000
1, 29000
1, 29000
1, 29000
1, 29000
1, 29000
1, 29000
1, 29000
1, 29000
1, 29000
1, 29000
1, 29000
1, 29000
1, 29000
1, 29000
1, 29000
1, 29000
1, 29000
1, 29000
1, 29000
1, 29000
1, 29000
1, 29000
1, 29000
1, 29000
1, 29000
1, 29000
1, 29000
1, 29000
1, 29000
1, 29000
1, 29000
1, 29000
1, 29000
1, 29000
1, 29000
1, 29000
1, 29000
1, 29000
1, 29000
1, 29000
1, 29000
1, 29000
1, 29000
1, 29000
1, 29000
1, 29000
1, 29000
1, 29000
1, 29000
1, 29000
1, 29000
1, 29000
1, 29000
1, 29000
1, 29000
1, 29000
1, 29000
1, 29000
1, 29000
1, 29000
1, 29000
1, 29000
1, 29000
1, 29000
1, 29000
1, 29000
1, 29000
1, 29000
1, 29000
1, 29000
1, 29000
1, 29000
1, 29000
1, 29000
1, 29000
1, 29000
1, 29000
1, 29000
1, 29000
1, 29000
1, 29000
1, 29000
1, 29000
1, 29000
1, 29000
1, 29000
1, 29000
1, 29000
1, 29000
1, 29000
1, 29000
1, 29000
1, 29000
1, 29000
1, 29000
1, 29000
1, 29000
1, 29000
1, 29000
1, 29000
1, 29000
1, 29000
1, 29000
1, 29000
1, 29000
1, 29000
1, 29000
1, 29000
1, 29000
1, 29000
1, 29000
1, 29000
1, 29000
1, 29000
1, 29000
1, 29000
1, 29000
1, 29000
1, 29000
1, 29000
1, 29000
1, 29000
1, 29000
1, 29000
1, 29000
1, 29000
1, 29000
1, 29000
1, 29000
1, 29000
1, 29000
1, 29000
1, 29000
1, 29000
1, 29000
1, 29000
1, 29000
1, 29000
1, 29000
1, 29000
1, 29000
1, 29000
1, 29000
1, 29000
1, 29000
1, 29000
1, 29000
1, 29000
1, 29000
1, 29000
1, 29000
1, 29000
1, 29000
1, 29000
1, 29000
1, 29000
1, 29000
1, 29000
1, 29000
1, 29000
1, 29000
1, 29000
1, 29000
1, 29000
1, 29000
1, 29000
1, 29000
1, 29000
1, 29000
1, 29000
1, 29000
1, 29000
1, 29000
1, 29000
1, 29000
1, 29000
1, 29000
1, 29000
1, 29000
1, 29000
1, 29000
1, 29000
1, 29000
1, 29000
1, 29000
1, 29000
1, 29000
1, 29000
1, 29000
1, 29000
1, 29000
1, 29000
1, 29000
1, 29000
1, 29000
1, 29000
1, 29000
1, 29000
1, 29000
1, 29000
1, 29000
1, 29000
1, 29000
1, 29000
1, 29000
1, 29000
1, 29000
1, 29000
1, 29000
1, 29000
1, 29000
1, 29000
1, 29000
1, 29000
1, 29000
1, 29000
1, 29000
1, 29000
1, 29000
1, 29000
1, 29000
1, 29000
1, 29000
1, 29000
1, 29000
1, 29000
1, 29000
1, 29000
1, 29000
1, 29000
1, 29000
1, 29000
1, 29000
1, 29000
1, 29000
1, 29000
1, 29000
1, 29000
1, 29000
1, 29000
1, 29000
1, 29000
1, 29000
1, 29000
1, 29000
1, 29000
1, 29000
1, 29000
1, 29000
1, 29000
1, 29000
1, 29000
1, 29000
1, 29000
1, 29000
1, 29000
1, 29000
1, 29000
1, 29000
1, 29000
1, 29000
1, 29000
1, 29000
1, 29000
1, 29000
1, 29000
1, 29000
1, 29000
1, 29000
1, 29000
1, 29000
1, 29000
1, 29000
1, 29000
1, 29000
1, 29000
1, 29000
1, 29000
1, 29000
1, 29000
1, 29000
1, 29000
1, 29000
1, 29000
1, 29000
1, 29000
1, 29000
1, 29000
1, 29000
1, 29000
1, 29000
1, 29000
1, 29000
1, 29000
1, 29000
1, 29000
1, 29000
1, 29000
1, 29000
1, 29000
1, 29000
1, 29000
1, 29000
1, 29000
1, 29000
1, 29000
1, 29000
1, 29000
1, 29000
1, 29000
1, 29000
1, 29000
1, 29000
1, 29000
1, 29000
1, 29000
1, 29000
1, 29000
1, 29000
1, 29000
1, 29000
1, 29000
1, 29000
1, 29000
1, 29000
1, 29000
1, 29000
1, 29000
1, 29000
1, 29000
1, 29000
1, 29000
1, 29000
1, 29000
1, 29000
1, 29000
1, 29000
1, 29000
1, 29000
1, 29000
1, 29000
1, 29000
1, 29000
1, 29000
1, 29000
1, 29000
1, 29000
1, 29000
1, 29000
1, 29000
1, 29000
1, 29000
1, 29000
1, 29000
1, 29000
1, 29000
1, 29000
1, 29000
1, 29000
1, 29000
1, 29000
1, 29000
1, 29000
1, 29000
1, 29000
1, 29000
1, 29000
1, 29000
1, 29000
1, 29000
1, 29000
1, 29000
1, 29000
1, 29000
1, 29000
1, 29000
1, 29000
1, 29000
1, 29000
1, 29000
1, 29000
1, 29000
1, 29000
1, 29000
1, 29000
1, 29000
1, 29000
1, 29000
1, 29000
1, 29000
1, 29000
1, 29000
1, 29000
1, 29000
1, 29000
1, 29000
1, 29000
1, 29000
1, 29000
1, 29000
1, 29000
1, 29000
1, 29000
1, 29000
1, 29000
1, 29000
1, 29000
1, 29000
1, 29000
1, 29000
1, 29000
1, 29000
1, 29000
1, 29000
1, 29000
1, 29000
1, 29000
1, 29000
1, 29000
1, 29000
1, 29000
1, 29000
1, 29000
1, 29000
1, 29000
1, 29000
1, 29000
1, 29000
1, 29000
1, 29000
1, 29000
1, 29000
1, 29000
1, 29000
1, 29000
1, 29000
1, 29000
1, 29000
1, 29000
1, 29000
1, 29000
1, 29000
1, 29000
1, 29000
1, 29000
1, 29000
1, 29000
1, 29000
1, 29000
1, 29000
1, 29000
1, 29000
1, 29000
1, 29000
1, 29000
1, 29000
1, 29000
1, 29000
1, 29000
1, 29000
1, 29000
1, 29000
1, 29000
1, 29000
1, 29000
1, 29000
1, 29000
1, 29000
1, 29000
1, 29000
1, 29000
1, 29000
1, 29000
1, 29000
1, 29000
1, 29000
1, 29000
1, 29000
1, 29000
1, 29000
1, 29000
1, 29000
1, 29000
1, 29000
1, 29000
1, 29000
1, 29000
1, 29000
1, 29000
1, 29000
1, 29000
1, 29000
1, 29000
1, 29000
1, 29000
1, 29000
1, 29000
1, 29000
1, 29000
1, 29000
1, 29000
1, 29000
1, 29000
1, 29000
1, 29000
1, 29000
1, 29000
1, 29000
1, 29000
1, 29000
1, 29000
1, 29000
1, 29000
1, 29000
1, 29000
1, 29000
1, 29000
1, 29000
1, 29000
1, 29000
1, 29000
1, 29000
1, 29000
1, 29000
1, 29000
1, 29000
1, 29000
1, 29000
1, 29000
1, 29000
1, 29000
1, 29000
1, 29000
1, 29000
1, 29000
1, 29000
1, 29000
1, 29000
1, 29000
1, 29000
1, 29000
1, 29000
1, 29000
1, 29000
1, 29000
1, 29000
1, 29000
1, 29000
1, 29000
1, 29000
1, 29000
1, 29000
1, 29000
1, 29000
1, 29000
1, 29000
1, 29000
1, 29000
1, 29000
1, 29000
1, 29000
1, 29000
1, 29000
1, 29000
1, 29000
1, 29000
1, 29000
1, 29000
1, 29000
1, 29000
1, 29000
1, 29000
1, 29000
1, 29000
1, 29000
1, 29000
1, 29000
1, 29000
1, 29000
1, 29000
1, 29000
1, 29000
1, 29000
1, 29000
1, 29000
1, 29000
1, 29000
1, 29000
1, 29000
1, 29000
1, 29000
1, 29000
1, 29000
1, 29000
1, 29000
1, 29000
1, 29000
1, 29000
1, 29000
1, 29000
1, 29000
1, 29000
1, 29000
1, 29000
1, 29000
1, 29000
1, 29000
1, 29000
1, 29000
1, 29000
1, 29000
1, 29000
1, 29000
1, 29000
1, 29000
1, 29000
1, 29000
1, 29000
1, 29000
1, 29000
1, 29000
1, 29000
1, 29000
1, 29000
1, 29000
1, 29000
1, 29000
1, 29000
1, 29000
1, 29000
1, 29000
1, 29000
1, 29000
1, 29000
1, 29000
1, 29000
1, 29000
1, 29000
1, 29000
1, 29000
1, 29000
1, 29000
1, 29000
1, 29000
1, 29000
1, 29000
1, 29000
1, 29000
1, 29000
1, 29000
1, 29000
1, 29000
1, 29000
1, 29000
1, 29000
1, 29000
1, 29000
1, 29000
1, 29000
1, 29000
1, 29000
1, 29000
1, 29000
1, 29000
1, 29000
1, 29000
1, 29000
1, 29000
1, 29000
1, 29000
1, 29000
1, 29000
1, 29000
1, 29000
1, 29000
1, 29000
1, 29000
1, 29000
1, 29000
1, 29000
1, 29000
1, 29000
1, 29000
1, 29000
1, 29000
1, 29000
1, 29000
1, 29000
1, 29000
1, 29000
1, 29000
1, 29000
1, 29000
1, 29000
1, 29000
1, 29000
1, 29000
1, 29000
1, 29000
1, 29000
1, 29000
1, 29000
1, 29000
1, 29000
1, 29000
1, 29000
1, 29000
1, 29000
1, 29000
1, 29000
1, 29000
1, 29000
1, 29000
1, 29000
1, 29000
1, 29000
1, 29000
1, 29000
1, 29000
1, 29000
1, 29000
1, 29000
1, 29000
1, 29000
1, 29000
1, 29000
1, 29000
1, 29000
1, 29000
1, 29000
1, 29000
1, 29000
1, 29000
1, 29000
1, 29000
1, 29000
1, 29000
1, 29000
1, 29000
1, 29000
1, 29000
1, 29000
1, 29000
1, 29000
1, 29000
1, 29000
1, 29000
1, 29000
1, 29000
1, 29000
1, 29000
1, 29000
1, 29000
1, 29000
1, 29000
1, 29000
1, 29000
1, 29000
1, 29000
1, 29000
1, 29000
1, 29000
1, 29000
1, 29000
1, 29000
1, 29000
1, 29000
1, 29000
1, 29000
1, 29000
1, 29000
1, 29000
1, 29000
1, 29000
1, 29000
1, 29000
1, 29000
1, 29000
1, 29000
1, 29000
1, 29000
1, 29000
1, 29000
1, 29000
1, 29000
1, 29000
1, 29000
1, 29000
1, 29000
1, 29000
1, 29000
1, 29000
1, 29000
1, 29000
1, 29000
1, 29000
1, 29000
1, 29000
1, 29000
1, 29000
1, 29000
1, 29000
1, 29000
1, 29000
1, 29000
1, 29000
1, 29000
1, 29000
1, 29000
1, 29000
1, 29000
1, 29000
1, 29000
1, 29000
1, 29000
1, 29000
1, 29000
1, 29000
1, 29000
1, 29000
1, 29000
1, 29000
1, 29000
1, 29000
1, 29000
1, 29000
1, 29000
1, 29000
1, 29000
1, 29000
1, 29000
1, 29000
1, 29000
1, 29000
1, 29000
1, 29000
1, 29000
1, 29000
1, 29000
1, 29000
1, 29000
1, 29000
1, 29000
1, 29000
1, 29000
1, 29000
1, 29000
1, 29000
1, 29000
1, 29000
1, 29000
1, 29000
1, 29000
1, 29000
1, 29000
1, 29000
1, 29000
1, 29000
1, 29000
1, 29000
1, 29000
1, 29000
1, 29000
1, 29000
1, 29000
1, 29000
1, 29000
1, 29000
1, 29000
1, 29000
1, 29000
1, 29000
1, 29000
1, 29000
1, 29000
1, 29000
1, 29000
1, 29000
1, 29000
1, 29000
1, 29000
1, 29000
1, 29000
1, 29000
1, 29000
1, 29000
1, 29000
1, 29000
1, 29000
1, 29000
1, 29000
1, 29000
1, 29000
1, 29000
1, 29000
1, 29000
1, 29000
1, 29000
1, 29000
1, 29000
1, 29000
1, 29000
1, 29000
1, 29000
1, 29000
1, 29000
1, 29000
1, 29000
1, 29000
1, 29000
1, 29000
1, 29000
1, 29000
1, 29000
1, 29000
1, 29000
1, 29000
1, 29000
1, 29000
1, 29000
1, 29000
1, 29000
1, 29000
1, 29000
1, 29000
1, 29000
1, 29000
1, 29000
1, 29000
1, 29000
1, 29000
1, 29000
1, 29000
1, 29000
1, 29000
1, 29000
1, 29000
1, 29000
1, 29000
1, 29000
1, 29000
1, 29000
1, 29000
1, 29000
1, 29000
1, 29000
1, 29000
1, 29000
1, 29000
1, 29000
1, 29000
1, 29000
1, 29000
1, 29000
1, 29000
1, 29000
1, 29000
1, 29000
1, 29000
1, 29000
1, 29000
1, 29000
1, 29000
1, 29000
1, 29000
1, 29000
1, 29000
1, 29000
1, 29000
1, 29000
1, 29000
1, 29000
1, 29000
1, 29000
1, 29000
1, 29000
1, 29000
1, 29000
1, 29000
1, 29000
1, 29000
1, 29000
1, 29000
1, 29000
1, 29000
1, 29000
1, 29000
1, 29000
1, 29000
1, 29000
1, 29000
1, 29000
1, 29000
1, 29000
1, 29000
1, 29000
1, 29000
1, 29000
1, 29000
1, 29000
1, 29000
1, 29000
1, 29000
1, 29000
1, 29000
1, 29000
1, 29000
1, 29000
1, 29000
1, 29000
1, 29000
1, 29000
1, 29000
1, 29000
1, 29000
1, 29000
1, 29000
1, 29000
1, 29000
1, 29000
1, 29000
1, 29000
1, 29000
1, 29000
1, 29000
1, 29000
1, 29000
1, 29000
1, 29000
1, 29000
1, 29000
1, 29000
1, 29000
1, 29000
1, 29000
1, 29000
1, 29000
1, 29000
1, 29000
1, 29000
1, 29000
1, 29000
1, 29000
1, 29000
1, 29000
1, 29000
1, 29000
1, 29000
1, 29000
1, 29000
1, 29000
1, 29000
1, 29000
1, 29000
1, 29000
1, 29000
1, 29000
1, 29000
1, 29000
1, 29000
1, 29000
1, 29000
1, 29000
1, 29000
1, 29000
1, 29000
1, 29000
1, 29000
1, 29000
1, 29000
1, 29000
1, 29000
1, 29000
1, 29000
1, 29000
1, 29000
1, 29000
1, 29000
1, 29000
1, 29000
1, 29000
1, 29000
1, 29000
1, 29000
1, 29000
1, 29000
1, 29000
1, 29000
1, 29000
1, 29000
1, 29000
1, 29000
1, 29000
1, 29000
1, 29000
1, 29000
1, 29000
1, 29000
1, 29000
1, 29000
1, 29000
1, 29000
1, 29000
1, 29000
1, 29000
1, 29000
1, 29000
1, 29000
1, 29000
1, 29000
1, 29000
1, 29000
1, 29000
1, 29000
1, 29000
1, 29000
1, 29000
1, 29000
1, 29000
1, 29000
1, 29000
1, 29000
1, 29000
1, 29000
1, 29000
1, 29000
1, 29000
1, 29000
1, 29000
1, 29000
1, 29000
1, 29000
1, 29000
1, 29000
1, 29000
1, 29000
1, 29000
1, 29000
1, 29000
1, 29000
1, 29000
1, 29000
1, 29000
1, 29000
1, 29000
1, 29000
1, 29000
1, 29000
1, 29000
1, 29000
1, 29000
1, 29000
1, 29000
1, 29000
1, 29000
1, 29000
1, 29000
1, 29000
1, 29000
1, 29000
1, 29000
1, 29000
1, 29000
1, 29000
1, 29000
1, 29000
1, 29000
1, 29000
1, 29000
1, 29000
1, 29000
1, 29000
1, 29000
1, 29000
1, 29000
1, 29000
1, 29000
1, 29000
1, 29000
1, 29000
1, 29000
1, 29000
1, 29000
1, 29000
1, 29000
1, 29000
1, 29000
1, 29000
1, 29000
1, 29000
1, 29000
1, 29000
1, 29000
1, 29000
1, 29000
1, 29000
1, 29000
1, 29000
1, 29000
1, 29000
1, 29000
1, 29000
1, 29000
1, 29000
1, 29000
1, 29000
1, 29000
1, 29000
1, 29000
1, 29000
1, 29000
1, 29000
1, 29000
1, 29000
1, 29000
1, 29000
1, 29000
1, 29000
1, 29000
1, 29000
1, 29000
1, 29000
1, 29000
1, 29000
1, 29000
1, 29000
1, 29000
1, 29000
1, 29000
1, 29000
1, 29000
1, 29000
1, 29000
1, 29000
1, 29000
1, 29000
1, 29000
1, 29000
1, 29000
1, 29000
1, 29000
1, 29000
1, 29000
1, 29000
1, 29000
1, 29000
1, 29000
1, 29000
1, 29000
1, 29000
1, 29000
1, 29000
1, 29000
1, 29000
1, 29000
1, 29000
1, 29000
1, 29000
1, 29000
1, 29000
1, 29000
1, 29000
1, 29000
1, 29000
1, 29000
1, 29000
1, 29000
1, 29000
1, 29000
1, 29000
1, 29000
1, 29000
1, 29000
1, 29000
1, 29000
1, 29000
1, 29000
1, 29000
1, 29000
1, 29000
1, 29000
1, 29000
1, 29000
1, 29000
1, 29000
1, 29000
1, 29000
1, 29000
1, 29000
1, 29000
1, 29000
1, 29000
1, 29000
1, 29000
1, 29000
1, 29000
1, 29000
1, 29000
1, 29000
1, 29000
1, 29000
1, 29000
1, 29000
1, 29000
1, 29000
1, 29000
1, 29000
1, 29000
1, 29000
1, 29000
1, 29000
1, 29000
1, 29000
1, 29000
1, 29000
1, 29000
1, 29000
1, 29000
1, 29000
1, 29000
1, 29000
1, 29000
1, 29000
1, 29000
1, 29000
1, 29000
1, 29000
1, 29000
1, 29000
1, 29000
1, 29000
1, 29000
1, 29000
1, 29000
1, 29000
1, 29000
1, 29000
1, 29000
1, 29000
1, 29000
1, 29000
1, 29000
1, 29000
1, 29000
1, 29000
1, 29000
1, 29000
1, 29000
1, 29000
1, 29000
1, 29000
1, 29000
1, 29000
1, 29000
1, 29000
1, 29000
1, 29000
1, 29000
1, 29000
1, 29000
1, 29000
1, 29000
1, 29000
1, 29000
1, 29000
1, 29000
1, 29000
1, 29000
1, 29000
1, 29000
1, 29000
1, 29000
1, 29000
1, 29000
1, 29000
1, 29000
1, 29000
1, 29000
1, 29000
1, 29000
1, 29000
1, 29000
1, 29000
1, 29000
1, 29000
1, 29000
1, 29000
1, 29000
1, 29000
1, 29000
1, 29000
1, 29000
1, 29000
1, 29000
1, 29000
1, 29000
1, 29000
1, 29000
1, 29000
1, 29000
1, 29000
1, 29000
1, 29000
1, 29000
1, 29000
1, 29000
1, 29000
1, 29000
1, 29000
1, 29000
1, 29000
1, 29000
1, 29000
1, 29000
1, 29000
1, 29000
1, 29000
1, 29000
1, 29000
1, 29000
1, 29000
1, 29000
1, 29000
1, 29000
1, 29000
1, 29000
1, 29000
1, 29000
1, 29000
1, 29000
1, 29000
1, 29000
1, 29000
1, 29000
1, 29000
1, 29000
1, 29000
1, 29000
1, 29000
1, 29000
1, 29000
1, 29000
1, 29000
1, 29000
1, 29000
1, 29000
1, 29000
1, 29000
1, 29000
1, 29000
1, 29000
1, 29000
1, 29000
1, 29000
1, 29000
1, 29000
1, 29000
1, 29000
1, 29000
1, 29000
1, 29000
1, 29000
1, 29000
1, 29000
1, 29000
1, 29000
1, 29000
1, 29000
1, 29000
1, 29000
1, 29000
1, 29000
1, 29000
1, 29000
1, 29000
1, 29000
1, 29000
1, 29000
1, 29000
1, 29000
1, 29000
1, 29000
1, 29000
1, 29000
1, 29000
1, 29000
1, 29000
1, 29000
1, 29000
1, 29000
1, 29000
1, 29000
1, 29000
1, 29000
1, 29000
1, 29000
1, 29000
1, 29000
1, 29000
1, 29000
1, 29000
1, 29000
1, 29000
1, 29000
1, 29000
1, 29000
1, 29000
1, 29000
1, 29000
1, 29000
1, 29000
1, 29000
1, 29000
1, 29000
1, 29000
1, 29000
1, 29000
1, 29000
1, 29000
1, 29000
1, 29000
1, 29000
1, 29000
1, 29000
1, 29000
1, 29000
1, 29000
1, 29000
1, 29000
1, 29000
1, 29000
1, 29000
1, 29000
1, 29000
1, 29000
1, 29000
1, 29000
1, 29000
1, 29000
1, 29000
1, 29000
1, 29000
1, 29000
1, 29000
1, 29000
1, 29000
1, 29000
1, 29000
1, 29000
1, 29000
1, 29000
1, 29000
1, 29000
1, 29000
1, 29000
1, 29000
1, 29000
1, 29000
1, 29000
1, 29000
1, 29000
1, 29000
1, 29000
1, 29000
1, 29000
1, 29000
1, 29000
1, 29000
1, 29000
1, 29000
1, 29000
1, 29000
1, 29000
1, 29000
1, 29000
1, 29000
1, 29000
1, 29000
1, 29000
1, 29000
1, 29000
1, 29000
1, 29000
1, 29000
1, 29000
1, 29000
1, 29000
1, 29000
1, 29000
1, 29000
1, 29000
1, 29000
1, 29000
1, 29000
1, 29000
1, 29000
1, 29000
1, 29000
1, 29000
1, 29000
1, 29000
1, 29000
1, 29000
1, 29000
1, 29000
1, 29000
1, 29000
1, 29000
1, 29000
1, 29000
1, 29000
1, 29000
1, 29000
1, 29000
1, 29000
1, 29000
1, 29000
1, 29000
1, 29000
1, 29000
1, 29000
1, 29000
1, 29000
1, 29000
1, 29000
1, 29000
1, 29000
1, 29000
1, 29000
1, 29000
1, 29000
1, 29000
1, 29000
1, 29000
1, 29000
1, 29000
1, 29000
1, 29000
1, 29000
1, 29000
1, 29000
1, 29000
1, 29000
1, 29000
1, 29000
1, 29000
1, 29000
1, 29000
1, 29000
1, 29000
1, 29000
1, 29000
1, 29000
1, 29000
1, 29000
1, 29000
1, 29000
1, 29000
1, 29000
1, 29000
1, 29000
1, 29000
1, 29000
1, 29000
1, 29000
1, 29000
1, 29000
1, 29000
1, 29000
1, 29000
1, 29000
1, 29000
1, 29000
1, 29000
1, 29000
1, 29000
1, 29000
1, 29000
1, 29000
1, 29000
1, 29000
1, 29000
1, 29000
1, 29000
1, 29000
1, 29000
1, 29000
1, 29000
1, 29000
1, 29000
1, 29000
1, 29000
1, 29000
1, 29000
1, 29000
1, 29000
1, 29000
1, 29000
1, 29000
1, 29000
1, 29000
1, 29000
1, 29000
1, 29000
1, 29000
1, 29000
1, 29000
1, 29000
1, 29000
1, 29000
1, 29000
1, 29000
1, 29000
1, 29000
1, 29000
1, 29000
1, 29000
1, 29000
1, 29000
1, 29000
1, 29000
1, 29000
1, 29000
1, 29000
1, 29000
1, 29000
1, 29000
1, 29000
1, 29000
1, 29000
1, 29000
1, 29000
1, 29000
1, 29000
1, 29000
1, 29000
1, 29000
1, 29000
1, 29000
1, 29000
1, 29000
1, 29000
1, 29000
1, 29000
1, 29000
1, 29000
1, 29000
1, 29000
1, 29000
1, 29000
1, 29000
1, 29000
1, 29000
1, 29000
1, 29000
1, 29000
1, 29000
1, 29000
1, 29000
1, 29000
1, 29000
1, 29000
1, 29000
1, 29000
1, 29000
1, 29000
1, 29000
1, 29000
1, 29000
1, 29000
1, 29000
1, 29000
1, 29000
1, 29000
1, 29000
1, 29000
1, 29000
1, 29000
1, 29000
1, 29000
1, 29000
1, 29000
1, 29000
1, 29000
1, 29000
1, 29000
1, 29000
1, 29000
1, 29000
1, 29000
1, 29000
1, 29000
1, 29000
1, 29000
1, 29000
1, 29000
1, 29000
1, 29000
1, 29000
1, 29000
1, 29000
1, 29000
1, 29000
1, 29000
1, 29000
1, 29000
1, 29000
1, 29000
1, 29000
1, 29000
1, 29000
1, 29000
1, 29000
1, 29000
1, 29000
1, 29000
1, 29000
1, 29000
1, 29000
1, 29000
1, 29000
1, 29000
1, 29000
1, 29000
1, 29000
1, 29000
1, 29000
1, 29000
1, 29000
1, 29000
1, 29000
1, 29000
1, 29000
1, 29000
1, 29000
1, 29000
1, 29000
1, 29000
1, 29000
1, 29000
1, 29000
1, 29000
1, 29000
1, 29000
1, 29000
1, 29000
1, 29000
1, 29000
1, 29000
1, 29000
1, 29000
1, 29000
1, 29000
1, 29000
1, 29000
1, 29000
1, 29000
1, 29000
1, 29000
1, 29000
1, 29000
1, 29000
1, 29000
1, 29000
1, 29000
1, 29000
1, 29000
1, 29000
1, 29000
1, 29000
1, 29000
1, 29000
1, 29000
1, 29000
1, 29000
1, 29000
1, 29000
1, 29000
1, 29000
1, 29000
1, 29000
1, 29000
1, 29000
1, 29000
1, 29000
1, 29000
1, 29000
1, 29000
1, 29000
1, 29000
1, 29000
1, 29000
1, 29000
1, 29000
1, 29000
1, 29000
1, 29000
1, 29000
1, 29000
1, 29000
1, 29000
1, 29000
1, 29000
1, 29000
1, 29000
1, 29000
1, 29000
1, 29000
1, 29000
1, 29000
1, 29000
1, 29000
1, 29000
1, 29000
1, 29000
1, 29000
1, 29000
1, 29000
1, 29000
1, 29000
1, 29000
1, 29000
1, 29000
1, 29000
1, 29000
1, 29000
1, 29000
1, 29000
1, 29000
1, 29000
1, 29000
1, 29000
1, 29000
1, 29000
1, 29000
1, 29000
1, 29000
1, 29000
1, 29000
1, 29000
1, 29000
1, 29000
1, 29000
1, 29000
1, 29000
1, 29000
1, 29000
1, 29000
1, 29000
1, 29000
1, 29000
1, 29000
1, 29000
1, 29000
1, 29000
1, 29000
1, 29000
1, 29000
1, 29000
1, 29000
1, 29000
1, 29000
1, 29000
1, 29000
1, 29000
1, 29000
1, 29000
1, 29000
1, 29000
1, 29000
1, 29000
1, 29000
1, 29000
1, 29000
1, 29000
1, 29000
1, 29000
1, 29000
1, 29000
1, 29000
1, 29000
1, 29000
1, 29000
1, 29000
1, 29000
1, 29000
1, 29000
1, 29000
1, 29000
1, 29000
1, 29000
1, 29000
1, 29000
1, 29000
1, 29000
1, 29000
1, 29000
1, 29000
1, 29000
1, 29000
1, 29000
1, 29000
1, 29000
1, 29000
1, 29000
1, 29000
1, 29000
1, 29000
1, 29000
1, 29000
1, 29000
1, 29000
1, 29000
1, 29000
1, 29000
1, 29000
1, 29000
1, 29000
1, 29000
1, 29000
1, 29000
1, 29000
1, 29000
1, 29000
1, 29000
1, 29000
1, 29000
1, 29000
1, 29000
1, 29000
1, 29000
1, 29000
1, 29000
1, 29000
1, 29000
1, 29000
1, 29000
1, 29000
1, 29000
1, 29000
1, 29000
1, 29000
1, 29000
1, 29000
1, 29000
1, 29000
1, 29000
1, 29000
1, 29000
1, 29000
1, 29000
1, 29000
1, 29000
1, 29000
1, 29000
1, 29000
1, 29000
1, 29000
1, 29000
1, 29000
1, 29000
1, 29000
1, 29000
1, 29000
1, 29000
1, 29000
1, 29000
1, 29000
1, 29000
1, 29000
1, 29000
1, 29000
1, 29000
1, 29000
1, 29000
1, 29000
1, 29000
1, 29000
1, 29000
1, 29000
1, 29000
1, 29000
1, 29000
1, 29000
1, 29000
1, 29000
1, 29000
1, 29000
1, 29000
1, 29000
1, 29000
1, 29000
1, 29000
1, 29000
1, 29000
1, 29000
1, 29000
1, 29000
1, 29000
1, 29000
1, 29000
1, 29000
1, 29000
1, 29000
1, 29000
1, 29000
1, 29000
1, 29000
1, 29000
1, 29000
1, 29000
1, 29000
2, 2, -10
4, 2, -10
6, 2, -10
8, 2, -10
10, 2, -10
12, 2, -10
14, 2, -10
16, 2, -10
18, 2, -10
20, 2, -10
22, 2, -10
24, 2, -10
26, 2, -10
28, 2, -10
30, 2, -10
32, 2, -10
34, 2, -10
36, 2, -10
38, 2, -10
40, 2, -10
42, 2, -10
44, 2, -10
46, 2, -10
48, 2, -10
50, 2, -10
52, 2, -10
54, 2, -10
56, 2, -10
58, 2, -10
60, 2, -10
62, 2, -10
64, 2, -10
66, 2, -10
68, 2, -10
70, 2, -10
72, 2, -10
74, 2, -10
76, 2, -10
78, 2, -10
80, 2, -10
82, 2, -10
84, 2, -10
86, 2, -10
88, 2, -10
90, 2, -10
92, 2, -10
94, 2, -10
96, 2, -10
98, 2, -10
100, 2, -10
102, 2, -10
104, 2, -10
106, 2, -10
108, 2, -10
110, 2, -10
112, 2, -10
114, 2, -10
116, 2, -10
118, 2, -10
120, 2, -10
122, 2, -10
124, 2, -10
126, 2, -10
128, 2, -10
130, 2, -10
132, 2, -10
134, 2, -10
136, 2, -10
138, 2, -10
140, 2, -10
142, 2, -10
144, 2, -10
146, 2, -10
148, 2, -10
150, 2, -10
152, 2, -10
154, 2, -10
156, 2, -10
158, 2, -10
160, 2, -10
162, 2, -10
164, 2, -10
166, 2, -10
168, 2, -10
170, 2, -10
172, 2, -10
174, 2, -10
176, 2, -10
178, 2, -10
180, 2, -10
182, 2, -10
184, 2, -10
186, 2, -10
188, 2, -10
190, 2, -10
192, 2, -10
194, 2, -10
196, 2, -10
198, 2, -10
200, 2, -10
202, 2, -10
204, 2, -10
206, 2, -10
208, 2, -10
210, 2, -10
212, 2, -10
214, 2, -10
216, 2, -10
218, 2, -10
220, 2, -10
222, 2, -10
224, 2, -10
226, 2, -10
228, 2, -10
230, 2, -10
232, 2, -10
234, 2, -10
236, 2, -10
238, 2, -10
240, 2, -10
242, 2, -10
244, 2, -10
246, 2, -10
248, 2, -10
250, 2, -10
252, 2, -10
254, 2, -10
256, 2, -10
258, 2, -10
260, 2, -10
262, 2, -10
264, 2, -10
266, 2, -10
268, 2, -10
270, 2, -10
272, 2, -10
274, 2, -10
276, 2, -10
278, 2, -10
280, 2, -10
282, 2, -10
284, 2, -10
286, 2, -10
288, 2, -10
290, 2, -10
292, 2, -10
294, 2, -10
296, 2, -10
298, 2, -10
300, 2, -10
302, 2, -10
304, 2, -10
306, 2, -10
308, 2, -10
310, 2, -10
312, 2, -10
314, 2, -10
316, 2, -10
318, 2, -10
320, 2, -10
322, 2, -10
324, 2, -10
326, 2, -10
328, 2, -10
330, 2, -10
332, 2, -10
334, 2, -10
336, 2, -10
338, 2, -10
340, 2, -10
342, 2, -10
344, 2, -10
346, 2, -10
348, 2, -10
350, 2, -10
352, 2, -10
354, 2, -10
356, 2, -10
358, 2, -10
360, 2, -10
362, 2, -10
364, 2, -10
366, 2, -10
368, 2, -10
370, 2, -10
372, 2, -10
374, 2, -10
376, 2, -10
378, 2, -10
380, 2, -10
382, 2, -10
384, 2, -10
386, 2, -10
388, 2, -10
390, 2, -10
392, 2, -10
394, 2, -10
396, 2, -10
398, 2, -10
400, 2, -10
402, 2, -10
404, 2, -10
406, 2, -10
408, 2, -10
410, 2, -10
412, 2, -10
414, 2, -10
416, 2, -10
418, 2, -10
420, 2, -10
422, 2, -10
424, 2, -10
426, 2, -10
428, 2, -10
430, 2, -10
432, 2, -10
434, 2, -10
436, 2, -10
438, 2, -10
440, 2, -10
442, 2, -10
444, 2, -10
446, 2, -10
448, 2, -10
450, 2, -10
452, 2, -10
454, 2, -10
456, 2, -10
458, 2, -10
460, 2, -10
462, 2, -10
464, 2, -10
466, 2, -10
468, 2, -10
470, 2, -10
472, 2, -10
474, 2, -10
476, 2, -10
478, 2, -10
480, 2, -10
482, 2, -10
484, 2, -10
486, 2, -10
488, 2, -10
490, 2, -10
492, 2, -10
494, 2, -10
496, 2, -10
498, 2, -10
500, 2, -10
502, 2, -10
504, 2, -10
506, 2, -10
508, 2, -10
510, 2, -10
512, 2, -10
514, 2, -10
516, 2, -10
518, 2, -10
520, 2, -10
522, 2, -10
524, 2, -10
526, 2, -10
528, 2, -10
530, 2, -10
532, 2, -10
534, 2, -10
536, 2, -10
538, 2, -10
540, 2, -10
542, 2, -10
544, 2, -10
546, 2, -10
548, 2, -10
550, 2, -10
552, 2, -10
554, 2, -10
556, 2, -10
558, 2, -10
560, 2, -10
562, 2, -10
564, 2, -10
566, 2, -10
568, 2, -10
570, 2, -10
572, 2, -10
574, 2, -10
576, 2, -10
578, 2, -10
580, 2, -10
582, 2, -10
584, 2, -10
586, 2, -10
588, 2, -10
590, 2, -10
592, 2, -10
594, 2, -10
596, 2, -10
598, 2, -10
600, 2, -10
602, 2, -10
604, 2, -10
606, 2, -10
608, 2, -10
610, 2, -10
612, 2, -10
614, 2, -10
616, 2, -10
618, 2, -10
620, 2, -10
622, 2, -10
624, 2, -10
626, 2, -10
628, 2, -10
630, 2, -10
632, 2, -10
634, 2, -10
636, 2, -10
638, 2, -10
640, 2, -10
642, 2, -10
644, 2, -10
646, 2, -10
648, 2, -10
650, 2, -10
652, 2, -10
654, 2, -10
656, 2, -10
658, 2, -10
660, 2, -10
662, 2, -10
664, 2, -10
666, 2, -10
668, 2, -10
670, 2, -10
672, 2, -10
674, 2, -10
676, 2, -10
678, 2, -10
680, 2, -10
682, 2, -10
684, 2, -10
686, 2, -10
688, 2, -10
690, 2, -10
692, 2, -10
694, 2, -10
696, 2, -10
698, 2, -10
700, 2, -10
702, 2, -10
704, 2, -10
706, 2, -10
708, 2, -10
710, 2, -10
712, 2, -10
714, 2, -10
716, 2, -10
718, 2, -10
720, 2, -10
722, 2, -10
724, 2, -10
726, 2, -10
728, 2, -10
730, 2, -10
732, 2, -10
734, 2, -10
736, 2, -10
738, 2, -10
740, 2, -10
742, 2, -10
744, 2, -10
746, 2, -10
748, 2, -10
750, 2, -10
752, 2, -10
754, 2, -10
756, 2, -10
758, 2, -10
760, 2, -10
762, 2, -10
764, 2, -10
766, 2, -10
768, 2, -10
770, 2, -10
772, 2, -10
774, 2, -10
776, 2, -10
778, 2, -10
780, 2, -10
782, 2, -10
784, 2, -10
786, 2, -10
788, 2, -10
790, 2, -10
792, 2, -10
794, 2, -10
796, 2, -10
798, 2, -10
800, 2, -10
802, 2, -10
804, 2, -10
806, 2, -10
808, 2, -10
810, 2, -10
812, 2, -10
814, 2, -10
816, 2, -10
818, 2, -10
820, 2, -10
822, 2, -10
824, 2, -10
826, 2, -10
828, 2, -10
830, 2, -10
832, 2, -10
834, 2, -10
836, 2, -10
838, 2, -10
840, 2, -10
842, 2, -10
844, 2, -10
846, 2, -10
848, 2, -10
850, 2, -10
852, 2, -10
854, 2, -10
856, 2, -10
858, 2, -10
860, 2, -10
862, 2, -10
864, 2, -10
866, 2, -10
868, 2, -10
870, 2, -10
872, 2, -10
874, 2, -10
876, 2, -10
878, 2, -10
880, 2, -10
882, 2, -10
884, 2, -10
886, 2, -10
888, 2, -10
890, 2, -10
892, 2, -10
894, 2, -10
896, 2, -10
898, 2, -10
900, 2, -10
902, 2, -10
904, 2, -10
906, 2, -10
908, 2, -10
910, 2, -10
912, 2, -10
914, 2, -10
916, 2, -10
918, 2, -10
920, 2, -10
922, 2, -10
924, 2, -10
926, 2, -10
928, 2, -10
930, 2, -10
932, 2, -10
934, 2, -10
936, 2, -10
938, 2, -10
940, 2, -10
942, 2, -10
944, 2, -10
946, 2, -10
948, 2, -10
950, 2, -10
952, 2, -10
954, 2, -10
956, 2, -10
958, 2, -10
960, 2, -10
962, 2, -10
964, 2, -10
966, 2, -10
968, 2, -10
970, 2, -10
972, 2, -10
974, 2, -10
976, 2, -10
978, 2, -10
980, 2, -10
982, 2, -10
984, 2, -10
986, 2, -10
988, 2, -10
990, 2, -10
992, 2, -10
994, 2, -10
996, 2, -10
998, 2, -10
1000, 2, -10
1002, 2, -10
1004, 2, -10
1006, 2, -10
1008, 2, -10
1010, 2, -10
1012, 2, -10
1014, 2, -10
1016, 2, -10
1018, 2, -10
1020, 2, -10
1022, 2, -10
1024, 2, -10
1026, 2, -10
1028, 2, -10
1030, 2, -10
1032, 2, -10
1034, 2, -10
1036, 2, -10
1038, 2, -10
1040, 2, -10
1042, 2, -10
1044, 2, -10
1046, 2, -10
1048, 2, -10
1050, 2, -10
1052, 2, -10
1054, 2, -10
1056, 2, -10
1058, 2, -10
1060, 2, -10
1062, 2, -10
1064, 2, -10
1066, 2, -10
1068, 2, -10
1070, 2, -10
1072, 2, -10
1074, 2, -10
1076, 2, -10
1078, 2, -10
1080, 2, -10
1082, 2, -10
1084, 2, -10
1086, 2, -10
1088, 2, -10
1090, 2, -10
1092, 2, -10
1094, 2, -10
1096, 2, -10
1098, 2, -10
1100, 2, -10
1102, 2, -10
1104, 2, -10
1106, 2, -10
1108, 2, -10
1110, 2, -10
1112, 2, -10
1114, 2, -10
1116, 2, -10
1118, 2, -10
1120, 2, -10
1122, 2, -10
1124, 2, -10
1126, 2, -10
1128, 2, -10
1130, 2, -10
1132, 2, -10
1134, 2, -10
1136, 2, -10
1138, 2, -10
1140, 2, -10
1142, 2, -10
1144, 2, -10
1146, 2, -10
1148, 2, -10
1150, 2, -10
1152, 2, -10
1154, 2, -10
1156, 2, -10
1158, 2, -10
1160, 2, -10
1162, 2, -10
1164, 2, -10
1166, 2, -10
1168, 2, -10
1170, 2, -10
1172, 2, -10
1174, 2, -10
1176, 2, -10
1178, 2, -10
1180, 2, -10
1182, 2, -10
1184, 2, -10
1186, 2, -10
1188, 2, -10
1190, 2, -10
1192, 2, -10
1194, 2, -10
1196, 2, -10
1198, 2, -10
1200, 2, -10
1202, 2, -10
1204, 2, -10
1206, 2, -10
1208, 2, -10
1210, 2, -10
1212, 2, -10
1214, 2, -10
1216, 2, -10
1218, 2, -10
1220, 2, -10
1222, 2, -10
1224, 2, -10
1226, 2, -10
1228, 2, -10
1230, 2, -10
1232, 2, -10
1234, 2, -10
1236, 2, -10
1238, 2, -10
1240, 2, -10
1242, 2, -10
1244, 2, -10
1246, 2, -10
1248, 2, -10
1250, 2, -10
1252, 2, -10
1254, 2, -10
1256, 2, -10
1258, 2, -10
1260, 2, -10
1262, 2, -10
1264, 2, -10
1266, 2, -10
1268, 2, -10
1270, 2, -10
1272, 2, -10
1274, 2, -10
1276, 2, -10
1278, 2, -10
1280, 2, -10
1282, 2, -10
1284, 2, -10
1286, 2, -10
1288, 2, -10
1290, 2, -10
1292, 2, -10
1294, 2, -10
1296, 2, -10
1298, 2, -10
1300, 2, -10
1302, 2, -10
1304, 2, -10
1306, 2, -10
1308, 2, -10
1310, 2, -10
1312, 2, -10
1314, 2, -10
1316, 2, -10
1318, 2, -10
1320, 2, -10
1322, 2, -10
1324, 2, -10
1326, 2, -10
1328, 2, -10
1330, 2, -10
1332, 2, -10
1334, 2, -10
1336, 2, -10
1338, 2, -10
1340, 2, -10
1342, 2, -10
1344, 2, -10
1346, 2, -10
1348, 2, -10
1350, 2, -10
1352, 2, -10
1354, 2, -10
1356, 2, -10
1358, 2, -10
1360, 2, -10
1362, 2, -10
1364, 2, -10
1366, 2, -10
1368, 2, -10
1370, 2, -10
1372, 2, -10
1374, 2, -10
1376, 2, -10
1378, 2, -10
1380, 2, -10
1382, 2, -10
1384, 2, -10
1386, 2, -10
1388, 2, -10
1390, 2, -10
1392, 2, -10
1394, 2, -10
1396, 2, -10
1398, 2, -10
1400, 2, -10
1402, 2, -10
1404, 2, -10
1406, 2, -10
1408, 2, -10
1410, 2, -10
1412, 2, -10
1414, 2, -10
1416, 2, -10
1418, 2, -10
1420, 2, -10
1422, 2, -10
1424, 2, -10
1426, 2, -10
1428, 2, -10
1430, 2, -10
1432, 2, -10
1434, 2, -10
1436, 2, -10
1438, 2, -10
1440, 2, -10
1442, 2, -10
1444, 2, -10
1446, 2, -10
1448, 2, -10
1450, 2, -10
1452, 2, -10
1454, 2, -10
1456, 2, -10
1458, 2, -10
1460, 2, -10
1462, 2, -10
1464, 2, -10
1466, 2, -10
1468, 2, -10
1470, 2, -10
1472, 2, -10
1474, 2, -10
1476, 2, -10
1478, 2, -10
1480, 2, -10
1482, 2, -10
1484, 2, -10
1486, 2, -10
1488, 2, -10
1490, 2, -10
1492, 2, -10
1494, 2, -10
1496, 2, -10
1498, 2, -10
1500, 2, -10
0, 0, 0
1, 0.1, 0.1 200 0.001, 0.001