1560, 820
1, 41
2, 41
2, 42
3, 42
3, 43
4, 43
4, 44
5, 44
5, 45
6, 45
6, 46
7, 46
7, 47
8, 47
8, 48
9, 48
9, 49
10, 49
10, 50
11, 50
11, 51
12, 51
12, 52
13, 52
13, 53
14, 53
14, 54
15, 54
15, 55
16, 55
16, 56
17, 56
17, 57
18, 57
18, 58
19, 58
19, 59
20, 59
20, 60
21, 60
21, 61
22, 61
22, 62
23, 62
23, 63
24, 63
24, 64
25, 64
25, 65
26, 65
26, 66
27, 66
27, 67
28, 67
28, 68
29, 68
29, 69
30, 69
30, 70
31, 70
31, 71
32, 71
32, 72
33, 72
33, 73
34, 73
34, 74
35, 74
35, 75
36, 75
36, 76
37, 76
37, 77
38, 77
38, 78
39, 78
39, 79
40, 79
41, 80
42, 80
42, 81
43, 81
43, 82
44, 82
44, 83
45, 83
45, 84
46, 84
46, 85
47, 85
47, 86
48, 86
48, 87
49, 87
49, 88
50, 88
50, 89
51, 89
51, 90
52, 90
52, 91
53, 91
53, 92
54, 92
54, 93
55, 93
55, 94
56, 94
56, 95
57, 95
57, 96
58, 96
58, 97
59, 97
59, 98
60, 98
60, 99
61, 99
61, 100
62, 100
62, 101
63, 101
63, 102
64, 102
64, 103
65, 103
65, 104
66, 104
66, 105
67, 105
67, 106
68, 106
68, 107
69, 107
69, 108
70, 108
70, 109
71, 109
71, 110
72, 110
72, 111
73, 111
73, 112
74, 112
74, 113
75, 113
75, 114
76, 114
76, 115
77, 115
77, 116
78, 116
78, 117
79, 117
80, 118
81, 118
81, 119
82, 119
82, 120
83, 120
83, 121
84, 121
84, 122
85, 122
85, 123
86, 123
86, 124
87, 124
87, 125
88, 125
88, 126
89, 126
89, 127
90, 127
90, 128
91, 128
91, 129
92, 129
92, 130
93, 130
93, 131
94, 131
94, 132
95, 132
95, 133
96, 133
96, 134
97, 134
97, 135
98, 135
98, 136
99, 136
99, 137
100, 137
100, 138
101, 138
101, 139
102, 139
102, 140
103, 140
103, 141
104, 141
104, 142
105, 142
105, 143
106, 143
106, 144
107, 144
107, 145
108, 145
108, 146
109, 146
109, 147
110, 147
110, 148
111, 148
111, 149
112, 149
112, 150
113, 150
113, 151
114, 151
114, 152
115, 152
115, 153
116, 153
116, 154
117, 154
118, 155
119, 155
119, 156
120, 156
120, 157
121, 157
121, 158
122, 158
122, 159
123, 159
123, 160
124, 160
124, 161
125, 161
125, 162
126, 162
126, 163
127, 163
127, 164
128, 164
128, 165
129, 165
129, 166
130, 166
130, 167
131, 167
131, 168
132, 168
132, 169
133, 169
133, 170
134, 170
134, 171
135, 171
135, 172
136, 172
136, 173
137, 173
137, 174
138, 174
138, 175
139, 175
139, 176
140, 176
140, 177
141, 177
141, 178
142, 178
142, 179
143, 179
143, 180
144, 180
144, 181
145, 181
145, 182
146, 182
146, 183
147, 183
147, 184
148, 184
148, 185
149, 185
149, 186
150, 186
150, 187
151, 187
151, 188
152, 188
152, 189
153, 189
153, 190
154, 190
155, 191
156, 191
156, 192
157, 192
157, 193
158, 193
158, 194
159, 194
159, 195
160, 195
160, 196
161, 196
161, 197
162, 197
162, 198
163, 198
163, 199
164, 199
164, 200
165, 200
165, 201
166, 201
166, 202
167, 202
167, 203
168, 203
168, 204
169, 204
169, 205
170, 205
170, 206
171, 206
171, 207
172, 207
172, 208
173, 208
173, 209
174, 209
174, 210
175, 210
175, 211
176, 211
176, 212
177, 212
177, 213
178, 213
178, 214
179, 214
179, 215
180, 215
180, 216
181, 216
181, 217
182, 217
182, 218
183, 218
183, 219
184, 219
184, 220
185, 220
185, 221
186, 221
186, 222
187, 222
187, 223
188, 223
188, 224
189, 224
189, 225
190, 225
191, 226
192, 226
192, 227
193, 227
193, 228
194, 228
194, 229
195, 229
195, 230
196, 230
196, 231
197, 231
197, 232
198, 232
198, 233
199, 233
199, 234
200, 234
200, 235
201, 235
201, 236
202, 236
202, 237
203, 237
203, 238
204, 238
204, 239
205, 239
205, 240
206, 240
206, 241
207, 241
207, 242
208, 242
208, 243
209, 243
209, 244
210, 244
210, 245
211, 245
211, 246
212, 246
212, 247
213, 247
213, 248
214, 248
214, 249
215, 249
215, 250
216, 250
216, 251
217, 251
217, 252
218, 252
218, 253
219, 253
219, 254
220, 254
220, 255
221, 255
221, 256
222, 256
222, 257
223, 257
223, 258
224, 258
224, 259
225, 259
226, 260
227, 260
227, 261
228, 261
228, 262
229, 262
229, 263
230, 263
230, 264
231, 264
231, 265
232, 265
232, 266
233, 266
233, 267
234, 267
234, 268
235, 268
235, 269
236, 269
236, 270
237, 270
237, 271
238, 271
238, 272
239, 272
239, 273
240, 273
240, 274
241, 274
241, 275
242, 275
242, 276
243, 276
243, 277
244, 277
244, 278
245, 278
245, 279
246, 279
246, 280
247, 280
247, 281
248, 281
248, 282
249, 282
249, 283
250, 283
250, 284
251, 284
251, 285
252, 285
252, 286
253, 286
253, 287
254, 287
254, 288
255, 288
255, 289
256, 289
256, 290
257, 290
257, 291
258, 291
258, 292
259, 292
260, 293
261, 293
261, 294
262, 294
262, 295
263, 295
263, 296
264, 296
264, 297
265, 297
265, 298
266, 298
266, 299
267, 299
267, 300
268, 300
268, 301
269, 301
269, 302
270, 302
270, 303
271, 303
271, 304
272, 304
272, 305
273, 305
273, 306
274, 306
274, 307
275, 307
275, 308
276, 308
276, 309
277, 309
277, 310
278, 310
278, 311
279, 311
279, 312
280, 312
280, 313
281, 313
281, 314
282, 314
282, 315
283, 315
283, 316
284, 316
284, 317
285, 317
285, 318
286, 318
286, 319
287, 319
287, 320
288, 320
288, 321
289, 321
289, 322
290, 322
290, 323
291, 323
291, 324
292, 324
293, 325
294, 325
294, 326
295, 326
295, 327
296, 327
296, 328
297, 328
297, 329
298, 329
298, 330
299, 330
299, 331
300, 331
300, 332
301, 332
301, 333
302, 333
302, 334
303, 334
303, 335
304, 335
304, 336
305, 336
305, 337
306, 337
306, 338
307, 338
307, 339
308, 339
308, 340
309, 340
309, 341
310, 341
310, 342
311, 342
311, 343
312, 343
312, 344
313, 344
313, 345
314, 345
314, 346
315, 346
315, 347
316, 347
316, 348
317, 348
317, 349
318, 349
318, 350
319, 350
319, 351
320, 351
320, 352
321, 352
321, 353
322, 353
322, 354
323, 354
323, 355
324, 355
325, 356
326, 356
326, 357
327, 357
327, 358
328, 358
328, 359
329, 359
329, 360
330, 360
330, 361
331, 361
331, 362
332, 362
332, 363
333, 363
333, 364
334, 364
334, 365
335, 365
335, 366
336, 366
336, 367
337, 367
337, 368
338, 368
338, 369
339, 369
339, 370
340, 370
340, 371
341, 371
341, 372
342, 372
342, 373
343, 373
343, 374
344, 374
344, 375
345, 375
345, 376
346, 376
346, 377
347, 377
347, 378
348, 378
348, 379
349, 379
349, 380
350, 380
350, 381
351, 381
351, 382
352, 382
352, 383
353, 383
353, 384
354, 384
354, 385
355, 385
356, 386
357, 386
357, 387
358, 387
358, 388
359, 388
359, 389
360, 389
360, 390
361, 390
361, 391
362, 391
362, 392
363, 392
363, 393
364, 393
364, 394
365, 394
365, 395
366, 395
366, 396
367, 396
367, 397
368, 397
368, 398
369, 398
369, 399
370, 399
370, 400
371, 400
371, 401
372, 401
372, 402
373, 402
373, 403
374, 403
374, 404
375, 404
375, 405
376, 405
376, 406
377, 406
377, 407
378, 407
378, 408
379, 408
379, 409
380, 409
380, 410
381, 410
381, 411
382, 411
382, 412
383, 412
383, 413
384, 413
384, 414
385, 414
386, 415
387, 415
387, 416
388, 416
388, 417
389, 417
389, 418
390, 418
390, 419
391, 419
391, 420
392, 420
392, 421
393, 421
393, 422
394, 422
394, 423
395, 423
395, 424
396, 424
396, 425
397, 425
397, 426
398, 426
398, 427
399, 427
399, 428
400, 428
400, 429
401, 429
401, 430
402, 430
402, 431
403, 431
403, 432
404, 432
404, 433
405, 433
405, 434
406, 434
406, 435
407, 435
407, 436
408, 436
408, 437
409, 437
409, 438
410, 438
410, 439
411, 439
411, 440
412, 440
412, 441
413, 441
413, 442
414, 442
415, 443
416, 443
416, 444
417, 444
417, 445
418, 445
418, 446
419, 446
419, 447
420, 447
420, 448
421, 448
421, 449
422, 449
422, 450
423, 450
423, 451
424, 451
424, 452
425, 452
425, 453
426, 453
426, 454
427, 454
427, 455
428, 455
428, 456
429, 456
429, 457
430, 457
430, 458
431, 458
431, 459
432, 459
432, 460
433, 460
433, 461
434, 461
434, 462
435, 462
435, 463
436, 463
436, 464
437, 464
437, 465
438, 465
438, 466
439, 466
439, 467
440, 467
440, 468
441, 468
441, 469
442, 469
443, 470
444, 470
444, 471
445, 471
445, 472
446, 472
446, 473
447, 473
447, 474
448, 474
448, 475
449, 475
449, 476
450, 476
450, 477
451, 477
451, 478
452, 478
452, 479
453, 479
453, 480
454, 480
454, 481
455, 481
455, 482
456, 482
456, 483
457, 483
457, 484
458, 484
458, 485
459, 485
459, 486
460, 486
460, 487
461, 487
461, 488
462, 488
462, 489
463, 489
463, 490
464, 490
464, 491
465, 491
465, 492
466, 492
466, 493
467, 493
467, 494
468, 494
468, 495
469, 495
470, 496
471, 496
471, 497
472, 497
472, 498
473, 498
473, 499
474, 499
474, 500
475, 500
475, 501
476, 501
476, 502
477, 502
477, 503
478, 503
478, 504
479, 504
479, 505
480, 505
480, 506
481, 506
481, 507
482, 507
482, 508
483, 508
483, 509
484, 509
484, 510
485, 510
485, 511
486, 511
486, 512
487, 512
487, 513
488, 513
488, 514
489, 514
489, 515
490, 515
490, 516
491, 516
491, 517
492, 517
492, 518
493, 518
493, 519
494, 519
494, 520
495, 520
496, 521
497, 521
497, 522
498, 522
498, 523
499, 523
499, 524
500, 524
500, 525
501, 525
501, 526
502, 526
502, 527
503, 527
503, 528
504, 528
504, 529
505, 529
505, 530
506, 530
506, 531
507, 531
507, 532
508, 532
508, 533
509, 533
509, 534
510, 534
510, 535
511, 535
511, 536
512, 536
512, 537
513, 537
513, 538
514, 538
514, 539
515, 539
515, 540
516, 540
516, 541
517, 541
517, 542
518, 542
518, 543
519, 543
519, 544
520, 544
521, 545
522, 545
522, 546
523, 546
523, 547
524, 547
524, 548
525, 548
525, 549
526, 549
526, 550
527, 550
527, 551
528, 551
528, 552
529, 552
529, 553
530, 553
530, 554
531, 554
531, 555
532, 555
532, 556
533, 556
533, 557
534, 557
534, 558
535, 558
535, 559
536, 559
536, 560
537, 560
537, 561
538, 561
538, 562
539, 562
539, 563
540, 563
540, 564
541, 564
541, 565
542, 565
542, 566
543, 566
543, 567
544, 567
545, 568
546, 568
546, 569
547, 569
547, 570
548, 570
548, 571
549, 571
549, 572
550, 572
550, 573
551, 573
551, 574
552, 574
552, 575
553, 575
553, 576
554, 576
554, 577
555, 577
555, 578
556, 578
556, 579
557, 579
557, 580
558, 580
558, 581
559, 581
559, 582
560, 582
560, 583
561, 583
561, 584
562, 584
562, 585
563, 585
563, 586
564, 586
564, 587
565, 587
565, 588
566, 588
566, 589
567, 589
568, 590
569, 590
569, 591
570, 591
570, 592
571, 592
571, 593
572, 593
572, 594
573, 594
573, 595
574, 595
574, 596
575, 596
575, 597
576, 597
576, 598
577, 598
577, 599
578, 599
578, 600
579, 600
579, 601
580, 601
580, 602
581, 602
581, 603
582, 603
582, 604
583, 604
583, 605
584, 605
584, 606
585, 606
585, 607
586, 607
586, 608
587, 608
587, 609
588, 609
588, 610
589, 610
590, 611
591, 611
591, 612
592, 612
592, 613
593, 613
593, 614
594, 614
594, 615
595, 615
595, 616
596, 616
596, 617
597, 617
597, 618
598, 618
598, 619
599, 619
599, 620
600, 620
600, 621
601, 621
601, 622
602, 622
602, 623
603, 623
603, 624
604, 624
604, 625
605, 625
605, 626
606, 626
606, 627
607, 627
607, 628
608, 628
608, 629
609, 629
609, 630
610, 630
611, 631
612, 631
612, 632
613, 632
613, 633
614, 633
614, 634
615, 634
615, 635
616, 635
616, 636
617, 636
617, 637
618, 637
618, 638
619, 638
619, 639
620, 639
620, 640
621, 640
621, 641
622, 641
622, 642
623, 642
623, 643
624, 643
624, 644
625, 644
625, 645
626, 645
626, 646
627, 646
627, 647
628, 647
628, 648
629, 648
629, 649
630, 649
631, 650
632, 650
632, 651
633, 651
633, 652
634, 652
634, 653
635, 653
635, 654
636, 654
636, 655
637, 655
637, 656
638, 656
638, 657
639, 657
639, 658
640, 658
640, 659
641, 659
641, 660
642, 660
642, 661
643, 661
643, 662
644, 662
644, 663
645, 663
645, 664
646, 664
646, 665
647, 665
647, 666
648, 666
648, 667
649, 667
650, 668
651, 668
651, 669
652, 669
652, 670
653, 670
653, 671
654, 671
654, 672
655, 672
655, 673
656, 673
656, 674
657, 674
657, 675
658, 675
658, 676
659, 676
659, 677
660, 677
660, 678
661, 678
661, 679
662, 679
662, 680
663, 680
663, 681
664, 681
664, 682
665, 682
665, 683
666, 683
666, 684
667, 684
668, 685
669, 685
669, 686
670, 686
670, 687
671, 687
671, 688
672, 688
672, 689
673, 689
673, 690
674, 690
674, 691
675, 691
675, 692
676, 692
676, 693
677, 693
677, 694
678, 694
678, 695
679, 695
679, 696
680, 696
680, 697
681, 697
681, 698
682, 698
682, 699
683, 699
683, 700
684, 700
685, 701
686, 701
686, 702
687, 702
687, 703
688, 703
688, 704
689, 704
689, 705
690, 705
690, 706
691, 706
691, 707
692, 707
692, 708
693, 708
693, 709
694, 709
694, 710
695, 710
695, 711
696, 711
696, 712
697, 712
697, 713
698, 713
698, 714
699, 714
699, 715
700, 715
701, 716
702, 716
702, 717
703, 717
703, 718
704, 718
704, 719
705, 719
705, 720
706, 720
706, 721
707, 721
707, 722
708, 722
708, 723
709, 723
709, 724
710, 724
710, 725
711, 725
711, 726
712, 726
712, 727
713, 727
713, 728
714, 728
714, 729
715, 729
716, 730
717, 730
717, 731
718, 731
718, 732
719, 732
719, 733
720, 733
720, 734
721, 734
721, 735
722, 735
722, 736
723, 736
723, 737
724, 737
724, 738
725, 738
725, 739
726, 739
726, 740
727, 740
727, 741
728, 741
728, 742
729, 742
730, 743
731, 743
731, 744
732, 744
732, 745
733, 745
733, 746
734, 746
734, 747
735, 747
735, 748
736, 748
736, 749
737, 749
737, 750
738, 750
738, 751
739, 751
739, 752
740, 752
740, 753
741, 753
741, 754
742, 754
743, 755
744, 755
744, 756
745, 756
745, 757
746, 757
746, 758
747, 758
747, 759
748, 759
748, 760
749, 760
749, 761
750, 761
750, 762
751, 762
751, 763
752, 763
752, 764
753, 764
753, 765
754, 765
755, 766
756, 766
756, 767
757, 767
757, 768
758, 768
758, 769
759, 769
759, 770
760, 770
760, 771
761, 771
761, 772
762, 772
762, 773
763, 773
763, 774
764, 774
764, 775
765, 775
766, 776
767, 776
767, 777
768, 777
768, 778
769, 778
769, 779
770, 779
770, 780
771, 780
771, 781
772, 781
772, 782
773, 782
773, 783
774, 783
774, 784
775, 784
776, 785
777, 785
777, 786
778, 786
778, 787
779, 787
779, 788
780, 788
780, 789
781, 789
781, 790
782, 790
782, 791
783, 791
783, 792
784, 792
785, 793
786, 793
786, 794
787, 794
787, 795
788, 795
788, 796
789, 796
789, 797
790, 797
790, 798
791, 798
791, 799
792, 799
793, 800
794, 800
794, 801
795, 801
795, 802
796, 802
796, 803
797, 803
797, 804
798, 804
798, 805
799, 805
800, 806
801, 806
801, 807
802, 807
802, 808
803, 808
803, 809
804, 809
804, 810
805, 810
806, 811
807, 811
807, 812
808, 812
808, 813
809, 813
809, 814
810, 814
811, 815
812, 815
812, 816
813, 816
813, 817
814, 817
815, 818
816, 818
816, 819
817, 819
818, 820
819, 820
1, 1
1, 2
1, 3
2, 1
2, 2
2, 3
3, 1
3, 2
3, 3
4, 1
4, 2
4, 3
5, 1
5, 2
5, 3
6, 1
6, 2
6, 3
7, 1
7, 2
7, 3
8, 1
8, 2
8, 3
9, 1
9, 2
9, 3
10, 1
10, 2
10, 3
11, 1
11, 2
11, 3
12, 1
12, 2
12, 3
13, 1
13, 2
13, 3
14, 1
14, 2
14, 3
15, 1
15, 2
15, 3
16, 1
16, 2
16, 3
17, 1
17, 2
17, 3
18, 1
18, 2
18, 3
19, 1
19, 2
19, 3
20, 1
20, 2
20, 3
21, 1
21, 2
21, 3
22, 1
22, 2
22, 3
23, 1
23, 2
23, 3
24, 1
24, 2
24, 3
25, 1
25, 2
25, 3
26, 1
26, 2
26, 3
27, 1
27, 2
27, 3
28, 1
28, 2
28, 3
29, 1
29, 2
29, 3
30, 1
30, 2
30, 3
31, 1
31, 2
31, 3
32, 1
32, 2
32, 3
33, 1
33, 2
33, 3
34, 1
34, 2
34, 3
35, 1
35, 2
35, 3
36, 1
36, 2
36, 3
37, 1
37, 2
37, 3
38, 1
38, 2
38, 3
39, 1
39, 2
39, 3
40, 1
40, 2
40, 3
41, 3
42, 3
43, 3
44, 3
45, 3
46, 3
47, 3
48, 3
49, 3
50, 3
51, 3
52, 3
53, 3
54, 3
55, 3
56, 3
57, 3
58, 3
59, 3
60, 3
61, 3
62, 3
63, 3
64, 3
65, 3
66, 3
67, 3
68, 3
69, 3
70, 3
71, 3
72, 3
73, 3
74, 3
75, 3
76, 3
77, 3
78, 3
79, 3
80, 3
81, 3
82, 3
83, 3
84, 3
85, 3
86, 3
87, 3
88, 3
89, 3
90, 3
91, 3
92, 3
93, 3
94, 3
95, 3
96, 3
97, 3
98, 3
99, 3
100, 3
101, 3
102, 3
103, 3
104, 3
105, 3
106, 3
107, 3
108, 3
109, 3
110, 3
111, 3
112, 3
113, 3
114, 3
115, 3
116, 3
117, 3
118, 3
119, 3
120, 3
121, 3
122, 3
123, 3
124, 3
125, 3
126, 3
127, 3
128, 3
129, 3
130, 3
131, 3
132, 3
133, 3
134, 3
135, 3
136, 3
137, 3
138, 3
139, 3
140, 3
141, 3
142, 3
143, 3
144, 3
145, 3
146, 3
147, 3
148, 3
149, 3
150, 3
151, 3
152, 3
153, 3
154, 3
155, 3
156, 3
157, 3
158, 3
159, 3
160, 3
161, 3
162, 3
163, 3
164, 3
165, 3
166, 3
167, 3
168, 3
169, 3
170, 3
171, 3
172, 3
173, 3
174, 3
175, 3
176, 3
177, 3
178, 3
179, 3
180, 3
181, 3
182, 3
183, 3
184, 3
185, 3
186, 3
187, 3
188, 3
189, 3
190, 3
191, 3
192, 3
193, 3
194, 3
195, 3
196, 3
197, 3
198, 3
199, 3
200, 3
201, 3
202, 3
203, 3
204, 3
205, 3
206, 3
207, 3
208, 3
209, 3
210, 3
211, 3
212, 3
213, 3
214, 3
215, 3
216, 3
217, 3
218, 3
219, 3
220, 3
221, 3
222, 3
223, 3
224, 3
225, 3
226, 3
227, 3
228, 3
229, 3
230, 3
231, 3
232, 3
233, 3
234, 3
235, 3
236, 3
237, 3
238, 3
239, 3
240, 3
241, 3
242, 3
243, 3
244, 3
245, 3
246, 3
247, 3
248, 3
249, 3
250, 3
251, 3
252, 3
253, 3
254, 3
255, 3
256, 3
257, 3
258, 3
259, 3
260, 3
261, 3
262, 3
263, 3
264, 3
265, 3
266, 3
267, 3
268, 3
269, 3
270, 3
271, 3
272, 3
273, 3
274, 3
275, 3
276, 3
277, 3
278, 3
279, 3
280, 3
281, 3
282, 3
283, 3
284, 3
285, 3
286, 3
287, 3
288, 3
289, 3
290, 3
291, 3
292, 3
293, 3
294, 3
295, 3
296, 3
297, 3
298, 3
299, 3
300, 3
301, 3
302, 3
303, 3
304, 3
305, 3
306, 3
307, 3
308, 3
309, 3
310, 3
311, 3
312, 3
313, 3
314, 3
315, 3
316, 3
317, 3
318, 3
319, 3
320, 3
321, 3
322, 3
323, 3
324, 3
325, 3
326, 3
327, 3
328, 3
329, 3
330, 3
331, 3
332, 3
333, 3
334, 3
335, 3
336, 3
337, 3
338, 3
339, 3
340, 3
341, 3
342, 3
343, 3
344, 3
345, 3
346, 3
347, 3
348, 3
349, 3
350, 3
351, 3
352, 3
353, 3
354, 3
355, 3
356, 3
357, 3
358, 3
359, 3
360, 3
361, 3
362, 3
363, 3
364, 3
365, 3
366, 3
367, 3
368, 3
369, 3
370, 3
371, 3
372, 3
373, 3
374, 3
375, 3
376, 3
377, 3
378, 3
379, 3
380, 3
381, 3
382, 3
383, 3
384, 3
385, 3
386, 3
387, 3
388, 3
389, 3
390, 3
391, 3
392, 3
393, 3
394, 3
395, 3
396, 3
397, 3
398, 3
399, 3
400, 3
401, 3
402, 3
403, 3
404, 3
405, 3
406, 3
407, 3
408, 3
409, 3
410, 3
411, 3
412, 3
413, 3
414, 3
415, 3
416, 3
417, 3
418, 3
419, 3
420, 3
421, 3
422, 3
423, 3
424, 3
425, 3
426, 3
427, 3
428, 3
429, 3
430, 3
431, 3
432, 3
433, 3
434, 3
435, 3
436, 3
437, 3
438, 3
439, 3
440, 3
441, 3
442, 3
443, 3
444, 3
445, 3
446, 3
447, 3
448, 3
449, 3
450, 3
451, 3
452, 3
453, 3
454, 3
455, 3
456, 3
457, 3
458, 3
459, 3
460, 3
461, 3
462, 3
463, 3
464, 3
465, 3
466, 3
467, 3
468, 3
469, 3
470, 3
471, 3
472, 3
473, 3
474, 3
475, 3
476, 3
477, 3
478, 3
479, 3
480, 3
481, 3
482, 3
483, 3
484, 3
485, 3
486, 3
487, 3
488, 3
489, 3
490, 3
491, 3
492, 3
493, 3
494, 3
495, 3
496, 3
497, 3
498, 3
499, 3
500, 3
501, 3
502, 3
503, 3
504, 3
505, 3
506, 3
507, 3
508, 3
509, 3
510, 3
511, 3
512, 3
513, 3
514, 3
515, 3
516, 3
517, 3
518, 3
519, 3
520, 3
521, 3
522, 3
523, 3
524, 3
525, 3
526, 3
527, 3
528, 3
529, 3
530, 3
531, 3
532, 3
533, 3
534, 3
535, 3
536, 3
537, 3
538, 3
539, 3
540, 3
541, 3
542, 3
543, 3
544, 3
545, 3
546, 3
547, 3
548, 3
549, 3
550, 3
551, 3
552, 3
553, 3
554, 3
555, 3
556, 3
557, 3
558, 3
559, 3
560, 3
561, 3
562, 3
563, 3
564, 3
565, 3
566, 3
567, 3
568, 3
569, 3
570, 3
571, 3
572, 3
573, 3
574, 3
575, 3
576, 3
577, 3
578, 3
579, 3
580, 3
581, 3
582, 3
583, 3
584, 3
585, 3
586, 3
587, 3
588, 3
589, 3
590, 3
591, 3
592, 3
593, 3
594, 3
595, 3
596, 3
597, 3
598, 3
599, 3
600, 3
601, 3
602, 3
603, 3
604, 3
605, 3
606, 3
607, 3
608, 3
609, 3
610, 3
611, 3
612, 3
613, 3
614, 3
615, 3
616, 3
617, 3
618, 3
619, 3
620, 3
621, 3
622, 3
623, 3
624, 3
625, 3
626, 3
627, 3
628, 3
629, 3
630, 3
631, 3
632, 3
633, 3
634, 3
635, 3
636, 3
637, 3
638, 3
639, 3
640, 3
641, 3
642, 3
643, 3
644, 3
645, 3
646, 3
647, 3
648, 3
649, 3
650, 3
651, 3
652, 3
653, 3
654, 3
655, 3
656, 3
657, 3
658, 3
659, 3
660, 3
661, 3
662, 3
663, 3
664, 3
665, 3
666, 3
667, 3
668, 3
669, 3
670, 3
671, 3
672, 3
673, 3
674, 3
675, 3
676, 3
677, 3
678, 3
679, 3
680, 3
681, 3
682, 3
683, 3
684, 3
685, 3
686, 3
687, 3
688, 3
689, 3
690, 3
691, 3
692, 3
693, 3
694, 3
695, 3
696, 3
697, 3
698, 3
699, 3
700, 3
701, 3
702, 3
703, 3
704, 3
705, 3
706, 3
707, 3
708, 3
709, 3
710, 3
711, 3
712, 3
713, 3
714, 3
715, 3
716, 3
717, 3
718, 3
719, 3
720, 3
721, 3
722, 3
723, 3
724, 3
725, 3
726, 3
727, 3
728, 3
729, 3
730, 3
731, 3
732, 3
733, 3
734, 3
735, 3
736, 3
737, 3
738, 3
739, 3
740, 3
741, 3
742, 3
743, 3
744, 3
745, 3
746, 3
747, 3
748, 3
749, 3
750, 3
751, 3
752, 3
753, 3
754, 3
755, 3
756, 3
757, 3
758, 3
759, 3
760, 3
761, 3
762, 3
763, 3
764, 3
765, 3
766, 3
767, 3
768, 3
769, 3
770, 3
771, 3
772, 3
773, 3
774, 3
775, 3
776, 3
777, 3
778, 3
779, 3
780, 3
781, 3
782, 3
783, 3
784, 3
785, 3
786, 3
787, 3
788, 3
789, 3
790, 3
791, 3
792, 3
793, 3
794, 3
795, 3
796, 3
797, 3
798, 3
799, 3
800, 3
801, 3
802, 3
803, 3
804, 3
805, 3
806, 3
807, 3
808, 3
809, 3
810, 3
811, 3
812, 3
813, 3
814, 3
815, 3
816, 3
817, 3
818, 3
819, 3
820, 3
0, 0
0, 0, 0
10, 0, 0
20, 0, 0
30, 0, 0
40, 0, 0
50, 0, 0
60, 0, 0
70, 0, 0
80, 0, 0
90, 0, 0
100, 0, 0
110, 0, 0
120, 0, 0
130, 0, 0
140, 0, 0
150, 0, 0
160, 0, 0
170, 0, 0
180, 0, 0
190, 0, 0
200, 0, 0
210, 0, 0
220, 0, 0
230, 0, 0
240, 0, 0
250, 0, 0
260, 0, 0
270, 0, 0
280, 0, 0
290, 0, 0
300, 0, 0
310, 0, 0
320, 0, 0
330, 0, 0
340, 0, 0
350, 0, 0
360, 0, 0
370, 0, 0
380, 0, 0
390, 0, 0
5, 5, 0
15, 5, 0
25, 5, 0
35, 5, 0
45, 5, 0
55, 5, 0
65, 5, 0
75, 5, 0
85, 5, 0
95, 5, 0
105, 5, 0
115, 5, 0
125, 5, 0
135, 5, 0
145, 5, 0
155, 5, 0
165, 5, 0
175, 5, 0
185, 5, 0
195, 5, 0
205, 5, 0
215, 5, 0
225, 5, 0
235, 5, 0
245, 5, 0
255, 5, 0
265, 5, 0
275, 5, 0
285, 5, 0
295, 5, 0
305, 5, 0
315, 5, 0
325, 5, 0
335, 5, 0
345, 5, 0
355, 5, 0
365, 5, 0
375, 5, 0
385, 5, 0
10, 10, 0
20, 10, 0
30, 10, 0
40, 10, 0
50, 10, 0
60, 10, 0
70, 10, 0
80, 10, 0
90, 10, 0
100, 10, 0
110, 10, 0
120, 10, 0
130, 10, 0
140, 10, 0
150, 10, 0
160, 10, 0
170, 10, 0
180, 10, 0
190, 10, 0
200, 10, 0
210, 10, 0
220, 10, 0
230, 10, 0
240, 10, 0
250, 10, 0
260, 10, 0
270, 10, 0
280, 10, 0
290, 10, 0
300, 10, 0
310, 10, 0
320, 10, 0
330, 10, 0
340, 10, 0
350, 10, 0
360, 10, 0
370, 10, 0
380, 10, 0
15, 15, 0
25, 15, 0
35, 15, 0
45, 15, 0
55, 15, 0
65, 15, 0
75, 15, 0
85, 15, 0
95, 15, 0
105, 15, 0
115, 15, 0
125, 15, 0
135, 15, 0
145, 15, 0
155, 15, 0
165, 15, 0
175, 15, 0
185, 15, 0
195, 15, 0
205, 15, 0
215, 15, 0
225, 15, 0
235, 15, 0
245, 15, 0
255, 15, 0
265, 15, 0
275, 15, 0
285, 15, 0
295, 15, 0
305, 15, 0
315, 15, 0
325, 15, 0
335, 15, 0
345, 15, 0
355, 15, 0
365, 15, 0
375, 15, 0
20, 20, 0
30, 20, 0
40, 20, 0
50, 20, 0
60, 20, 0
70, 20, 0
80, 20, 0
90, 20, 0
100, 20, 0
110, 20, 0
120, 20, 0
130, 20, 0
140, 20, 0
150, 20, 0
160, 20, 0
170, 20, 0
180, 20, 0
190, 20, 0
200, 20, 0
210, 20, 0
220, 20, 0
230, 20, 0
240, 20, 0
250, 20, 0
260, 20, 0
270, 20, 0
280, 20, 0
290, 20, 0
300, 20, 0
310, 20, 0
320, 20, 0
330, 20, 0
340, 20, 0
350, 20, 0
360, 20, 0
370, 20, 0
25, 25, 0
35, 25, 0
45, 25, 0
55, 25, 0
65, 25, 0
75, 25, 0
85, 25, 0
95, 25, 0
105, 25, 0
115, 25, 0
125, 25, 0
135, 25, 0
145, 25, 0
155, 25, 0
165, 25, 0
175, 25, 0
185, 25, 0
195, 25, 0
205, 25, 0
215, 25, 0
225, 25, 0
235, 25, 0
245, 25, 0
255, 25, 0
265, 25, 0
275, 25, 0
285, 25, 0
295, 25, 0
305, 25, 0
315, 25, 0
325, 25, 0
335, 25, 0
345, 25, 0
355, 25, 0
365, 25, 0
30, 30, 0
40, 30, 0
50, 30, 0
60, 30, 0
70, 30, 0
80, 30, 0
90, 30, 0
100, 30, 0
110, 30, 0
120, 30, 0
130, 30, 0
140, 30, 0
150, 30, 0
160, 30, 0
170, 30, 0
180, 30, 0
190, 30, 0
200, 30, 0
210, 30, 0
220, 30, 0
230, 30, 0
240, 30, 0
250, 30, 0
260, 30, 0
270, 30, 0
280, 30, 0
290, 30, 0
300, 30, 0
310, 30, 0
320, 30, 0
330, 30, 0
340, 30, 0
350, 30, 0
360, 30, 0
35, 35, 0
45, 35, 0
55, 35, 0
65, 35, 0
75, 35, 0
85, 35, 0
95, 35, 0
105, 35, 0
115, 35, 0
125, 35, 0
135, 35, 0
145, 35, 0
155, 35, 0
165, 35, 0
175, 35, 0
185, 35, 0
195, 35, 0
205, 35, 0
215, 35, 0
225, 35, 0
235, 35, 0
245, 35, 0
255, 35, 0
265, 35, 0
275, 35, 0
285, 35, 0
295, 35, 0
305, 35, 0
315, 35, 0
325, 35, 0
335, 35, 0
345, 35, 0
355, 35, 0
40, 40, 0
50, 40, 0
60, 40, 0
70, 40, 0
80, 40, 0
90, 40, 0
100, 40, 0
110, 40, 0
120, 40, 0
130, 40, 0
140, 40, 0
150, 40, 0
160, 40, 0
170, 40, 0
180, 40, 0
190, 40, 0
200, 40, 0
210, 40, 0
220, 40, 0
230, 40, 0
240, 40, 0
250, 40, 0
260, 40, 0
270, 40, 0
280, 40, 0
290, 40, 0
300, 40, 0
310, 40, 0
320, 40, 0
330, 40, 0
340, 40, 0
350, 40, 0
45, 45, 0
55, 45, 0
65, 45, 0
75, 45, 0
85, 45, 0
95, 45, 0
105, 45, 0
115, 45, 0
125, 45, 0
135, 45, 0
145, 45, 0
155, 45, 0
165, 45, 0
175, 45, 0
185, 45, 0
195, 45, 0
205, 45, 0
215, 45, 0
225, 45, 0
235, 45, 0
245, 45, 0
255, 45, 0
265, 45, 0
275, 45, 0
285, 45, 0
295, 45, 0
305, 45, 0
315, 45, 0
325, 45, 0
335, 45, 0
345, 45, 0
50, 50, 0
60, 50, 0
70, 50, 0
80, 50, 0
90, 50, 0
100, 50, 0
110, 50, 0
120, 50, 0
130, 50, 0
140, 50, 0
150, 50, 0
160, 50, 0
170, 50, 0
180, 50, 0
190, 50, 0
200, 50, 0
210, 50, 0
220, 50, 0
230, 50, 0
240, 50, 0
250, 50, 0
260, 50, 0
270, 50, 0
280, 50, 0
290, 50, 0
300, 50, 0
310, 50, 0
320, 50, 0
330, 50, 0
340, 50, 0
55, 55, 0
65, 55, 0
75, 55, 0
85, 55, 0
95, 55, 0
105, 55, 0
115, 55, 0
125, 55, 0
135, 55, 0
145, 55, 0
155, 55, 0
165, 55, 0
175, 55, 0
185, 55, 0
195, 55, 0
205, 55, 0
215, 55, 0
225, 55, 0
235, 55, 0
245, 55, 0
255, 55, 0
265, 55, 0
275, 55, 0
285, 55, 0
295, 55, 0
305, 55, 0
315, 55, 0
325, 55, 0
335, 55, 0
60, 60, 0
70, 60, 0
80, 60, 0
90, 60, 0
100, 60, 0
110, 60, 0
120, 60, 0
130, 60, 0
140, 60, 0
150, 60, 0
160, 60, 0
170, 60, 0
180, 60, 0
190, 60, 0
200, 60, 0
210, 60, 0
220, 60, 0
230, 60, 0
240, 60, 0
250, 60, 0
260, 60, 0
270, 60, 0
280, 60, 0
290, 60, 0
300, 60, 0
310, 60, 0
320, 60, 0
330, 60, 0
65, 65, 0
75, 65, 0
85, 65, 0
95, 65, 0
105, 65, 0
115, 65, 0
125, 65, 0
135, 65, 0
145, 65, 0
155, 65, 0
165, 65, 0
175, 65, 0
185, 65, 0
195, 65, 0
205, 65, 0
215, 65, 0
225, 65, 0
235, 65, 0
245, 65, 0
255, 65, 0
265, 65, 0
275, 65, 0
285, 65, 0
295, 65, 0
305, 65, 0
315, 65, 0
325, 65, 0
70, 70, 0
80, 70, 0
90, 70, 0
100, 70, 0
110, 70, 0
120, 70, 0
130, 70, 0
140, 70, 0
150, 70, 0
160, 70, 0
170, 70, 0
180, 70, 0
190, 70, 0
200, 70, 0
210, 70, 0
220, 70, 0
230, 70, 0
240, 70, 0
250, 70, 0
260, 70, 0
270, 70, 0
280, 70, 0
290, 70, 0
300, 70, 0
310, 70, 0
320, 70, 0
75, 75, 0
85, 75, 0
95, 75, 0
105, 75, 0
115, 75, 0
125, 75, 0
135, 75, 0
145, 75, 0
155, 75, 0
165, 75, 0
175, 75, 0
185, 75, 0
195, 75, 0
205, 75, 0
215, 75, 0
225, 75, 0
235, 75, 0
245, 75, 0
255, 75, 0
265, 75, 0
275, 75, 0
285, 75, 0
295, 75, 0
305, 75, 0
315, 75, 0
80, 80, 0
90, 80, 0
100, 80, 0
110, 80, 0
120, 80, 0
130, 80, 0
140, 80, 0
150, 80, 0
160, 80, 0
170, 80, 0
180, 80, 0
190, 80, 0
200, 80, 0
210, 80, 0
220, 80, 0
230, 80, 0
240, 80, 0
250, 80, 0
260, 80, 0
270, 80, 0
280, 80, 0
290, 80, 0
300, 80, 0
310, 80, 0
85, 85, 0
95, 85, 0
105, 85, 0
115, 85, 0
125, 85, 0
135, 85, 0
145, 85, 0
155, 85, 0
165, 85, 0
175, 85, 0
185, 85, 0
195, 85, 0
205, 85, 0
215, 85, 0
225, 85, 0
235, 85, 0
245, 85, 0
255, 85, 0
265, 85, 0
275, 85, 0
285, 85, 0
295, 85, 0
305, 85, 0
90, 90, 0
100, 90, 0
110, 90, 0
120, 90, 0
130, 90, 0
140, 90, 0
150, 90, 0
160, 90, 0
170, 90, 0
180, 90, 0
190, 90, 0
200, 90, 0
210, 90, 0
220, 90, 0
230, 90, 0
240, 90, 0
250, 90, 0
260, 90, 0
270, 90, 0
280, 90, 0
290, 90, 0
300, 90, 0
95, 95, 0
105, 95, 0
115, 95, 0
125, 95, 0
135, 95, 0
145, 95, 0
155, 95, 0
165, 95, 0
175, 95, 0
185, 95, 0
195, 95, 0
205, 95, 0
215, 95, 0
225, 95, 0
235, 95, 0
245, 95, 0
255, 95, 0
265, 95, 0
275, 95, 0
285, 95, 0
295, 95, 0
100, 100, 0
110, 100, 0
120, 100, 0
130, 100, 0
140, 100, 0
150, 100, 0
160, 100, 0
170, 100, 0
180, 100, 0
190, 100, 0
200, 100, 0
210, 100, 0
220, 100, 0
230, 100, 0
240, 100, 0
250, 100, 0
260, 100, 0
270, 100, 0
280, 100, 0
290, 100, 0
105, 105, 0
115, 105, 0
125, 105, 0
135, 105, 0
145, 105, 0
155, 105, 0
165, 105, 0
175, 105, 0
185, 105, 0
195, 105, 0
205, 105, 0
215, 105, 0
225, 105, 0
235, 105, 0
245, 105, 0
255, 105, 0
265, 105, 0
275, 105, 0
285, 105, 0
110, 110, 0
120, 110, 0
130, 110, 0
140, 110, 0
150, 110, 0
160, 110, 0
170, 110, 0
180, 110, 0
190, 110, 0
200, 110, 0
210, 110, 0
220, 110, 0
230, 110, 0
240, 110, 0
250, 110, 0
260, 110, 0
270, 110, 0
280, 110, 0
115, 115, 0
125, 115, 0
135, 115, 0
145, 115, 0
155, 115, 0
165, 115, 0
175, 115, 0
185, 115, 0
195, 115, 0
205, 115, 0
215, 115, 0
225, 115, 0
235, 115, 0
245, 115, 0
255, 115, 0
265, 115, 0
275, 115, 0
120, 120, 0
130, 120, 0
140, 120, 0
150, 120, 0
160, 120, 0
170, 120, 0
180, 120, 0
190, 120, 0
200, 120, 0
210, 120, 0
220, 120, 0
230, 120, 0
240, 120, 0
250, 120, 0
260, 120, 0
270, 120, 0
125, 125, 0
135, 125, 0
145, 125, 0
155, 125, 0
165, 125, 0
175, 125, 0
185, 125, 0
195, 125, 0
205, 125, 0
215, 125, 0
225, 125, 0
235, 125, 0
245, 125, 0
255, 125, 0
265, 125, 0
130, 130, 0
140, 130, 0
150, 130, 0
160, 130, 0
170, 130, 0
180, 130, 0
190, 130, 0
200, 130, 0
210, 130, 0
220, 130, 0
230, 130, 0
240, 130, 0
250, 130, 0
260, 130, 0
135, 135, 0
145, 135, 0
155, 135, 0
165, 135, 0
175, 135, 0
185, 135, 0
195, 135, 0
205, 135, 0
215, 135, 0
225, 135, 0
235, 135, 0
245, 135, 0
255, 135, 0
140, 140, 0
150, 140, 0
160, 140, 0
170, 140, 0
180, 140, 0
190, 140, 0
200, 140, 0
210, 140, 0
220, 140, 0
230, 140, 0
240, 140, 0
250, 140, 0
145, 145, 0
155, 145, 0
165, 145, 0
175, 145, 0
185, 145, 0
195, 145, 0
205, 145, 0
215, 145, 0
225, 145, 0
235, 145, 0
245, 145, 0
150, 150, 0
160, 150, 0
170, 150, 0
180, 150, 0
190, 150, 0
200, 150, 0
210, 150, 0
220, 150, 0
230, 150, 0
240, 150, 0
155, 155, 0
165, 155, 0
175, 155, 0
185, 155, 0
195, 155, 0
205, 155, 0
215, 155, 0
225, 155, 0
235, 155, 0
160, 160, 0
170, 160, 0
180, 160, 0
190, 160, 0
200, 160, 0
210, 160, 0
220, 160, 0
230, 160, 0
165, 165, 0
175, 165, 0
185, 165, 0
195, 165, 0
205, 165, 0
215, 165, 0
225, 165, 0
170, 170, 0
180, 170, 0
190, 170, 0
200, 170, 0
210, 170, 0
220, 170, 0
175, 175, 0
185, 175, 0
195, 175, 0
205, 175, 0
215, 175, 0
180, 180, 0
190, 180, 0
200, 180, 0
210, 180, 0
185, 185, 0
195, 185, 0
205, 185, 0
190, 190, 0
200, 190, 0
195, 195, 0
1, 29000
1, 29000
1, 29000
1, 29000
1, 29000
1, 29000
1, 29000
1, 29000
1, 29000
1, 29000
1, 29000
1, 29000
1, 29000
1, 29000
1, 29000
1, 29000
1, 29000
1, 29000
1, 29000
1, 29000
1, 29000
1, 29000
1, 29000
1, 29000
1, 29000
1, 29000
1, 29000
1, 29000
1, 29000
1, 29000
1, 29000
1, 29000
1, 29000
1, 29000
1, 29000
1, 29000
1, 29000
1, 29000
1, 29000
1, 29000
1, 29000
1, 29000
1, 29000
1, 29000
1, 29000
1, 29000
1, 29000
1, 29000
1, 29000
1, 29000
1, 29000
1, 29000
1, 29000
1, 29000
1, 29000
1, 29000
1, 29000
1, 29000
1, 29000
1, 29000
1, 29000
1, 29000
1, 29000
1, 29000
1, 29000
1, 29000
1, 29000
1, 29000
1, 29000
1, 29000
1, 29000
1, 29000
1, 29000
1, 29000
1, 29000
1, 29000
1, 29000
1, 29000
1, 29000
1, 29000
1, 29000
1, 29000
1, 29000
1, 29000
1, 29000
1, 29000
1, 29000
1, 29000
1, 29000
1, 29000
1, 29000
1, 29000
1, 29000
1, 29000
1, 29000
1, 29000
1, 29000
1, 29000
1, 29000
1, 29000
1, 29000
1, 29000
1, 29000
1, 29000
1, 29000
1, 29000
1, 29000
1, 29000
1, 29000
1, 29000
1, 29000
1, 29000
1, 29000
1, 29000
1, 29000
1, 29000
1, 29000
1, 29000
1, 29000
1, 29000
1, 29000
1, 29000
1, 29000
1, 29000
1, 29000
1, 29000
1, 29000
1, 29000
1, 29000
1, 29000
1, 29000
1, 29000
1, 29000
1, 29000
1, 29000
1, 29000
1, 29000
1, 29000
1, 29000
1, 29000
1, 29000
1, 29000
1, 29000
1, 29000
1, 29000
1, 29000
1, 29000
1, 29000
1, 29000
1, 29000
1, 29000
1, 29000
1, 29000
1, 29000
1, 29000
1, 29000
1, 29000
1, 29000
1, 29000
1, 29000
1, 29000
1, 29000
1, 29000
1, 29000
1, 29000
1, 29000
1, 29000
1, 29000
1, 29000
1, 29000
1, 29000
1, 29000
1, 29000
1, 29000
1, 29000
1, 29000
1, 29000
1, 29000
1, 29000
1, 29000
1, 29000
1, 29000
1, 29000
1, 29000
1, 29000
1, 29000
1, 29000
1, 29000
1, 29000
1, 29000
1, 29000
1, 29000
1, 29000
1, 29000
1, 29000
1, 29000
1, 29000
1, 29000
1, 29000
1, 29000
1, 29000
1, 29000
1, 29000
1, 29000
1, 29000
1, 29000
1, 29000
1, 29000
1, 29000
1, 29000
1, 29000
1, 29000
1, 29000
1, 29000
1, 29000
1, 29000
1, 29000
1, 29000
1, 29000
1, 29000
1, 29000
1, 29000
1, 29000
1, 29000
1, 29000
1, 29000
1, 29000
1, 29000
1, 29000
1, 29000
1, 29000
1, 29000
1, 29000
1, 29000
1, 29000
1, 29000
1, 29000
1, 29000
1, 29000
1, 29000
1, 29000
1, 29000
1, 29000
1, 29000
1, 29000
1, 29000
1, 29000
1, 29000
1, 29000
1, 29000
1, 29000
1, 29000
1, 29000
1, 29000
1, 29000
1, 29000
1, 29000
1, 29000
1, 29000
1, 29000
1, 29000
1, 29000
1, 29000
1, 29000
1, 29000
1, 29000
1, 29000
1, 29000
1, 29000
1, 29000
1, 29000
1, 29000
1, 29000
1, 29000
1, 29000
1, 29000
1, 29000
1, 29000
1, 29000
1, 29000
1, 29000
1, 29000
1, 29000
1, 29000
1, 29000
1, 29000
1, 29000
1, 29000
1, 29000
1, 29000
1, 29000
1, 29000
1, 29000
1, 29000
1, 29000
1, 29000
1, 29000
1, 29000
1, 29000
1, 29000
1, 29000
1, 29000
1, 29000
1, 29000
1, 29000
1, 29000
1, 29000
1, 29000
1, 29000
1, 29000
1, 29000
1, 29000
1, 29000
1, 29000
1, 29000
1, 29000
1, 29000
1, 29000
1, 29000
1, 29000
1, 29000
1, 29000
1, 29000
1, 29000
1, 29000
1, 29000
1, 29000
1, 29000
1, 29000
1, 29000
1, 29000
1, 29000
1, 29000
1, 29000
1, 29000
1, 29000
1, 29000
1, 29000
1, 29000
1, 29000
1, 29000
1, 29000
1, 29000
1, 29000
1, 29000
1, 29000
1, 29000
1, 29000
1, 29000
1, 29000
1, 29000
1, 29000
1, 29000
1, 29000
1, 29000
1, 29000
1, 29000
1, 29000
1, 29000
1, 29000
1, 29000
1, 29000
1, 29000
1, 29000
1, 29000
1, 29000
1, 29000
1, 29000
1, 29000
1, 29000
1, 29000
1, 29000
1, 29000
1, 29000
1, 29000
1, 29000
1, 29000
1, 29000
1, 29000
1, 29000
1, 29000
1, 29000
1, 29000
1, 29000
1, 29000
1, 29000
1, 29000
1, 29000
1, 29000
1, 29000
1, 29000
1, 29000
1, 29000
1, 29000
1, 29000
1, 29000
1, 29000
1, 29000
1, 29000
1, 29000
1, 29000
1, 29000
1, 29000
1, 29000
1, 29000
1, 29000
1, 29000
1, 29000
1, 29000
1, 29000
1, 29000
1, 29000
1, 29000
1, 29000
1, 29000
1, 29000
1, 29000
1, 29000
1, 29000
1, 29000
1, 29000
1, 29000
1, 29000
1, 29000
1, 29000
1, 29000
1, 29000
1, 29000
1, 29000
1, 29000
1, 29000
1, 29000
1, 29000
1, 29000
1, 29000
1, 29000
1, 29000
1, 29000
1, 29000
1, 29000
1, 29000
1, 29000
1, 29000
1, 29000
1, 29000
1, 29000
1, 29000
1, 29000
1, 29000
1, 29000
1, 29000
1, 29000
1, 29000
1, 29000
1, 29000
1, 29000
1, 29000
1, 29000
1, 29000
1, 29000
1, 29000
1, 29000
1, 29000
1, 29000
1, 29000
1, 29000
1, 29000
1, 29000
1, 29000
1, 29000
1, 29000
1, 29000
1, 29000
1, 29000
1, 29000
1, 29000
1, 29000
1, 29000
1, 29000
1, 29000
1, 29000
1, 29000
1, 29000
1, 29000
1, 29000
1, 29000
1, 29000
1, 29000
1, 29000
1, 29000
1, 29000
1, 29000
1, 29000
1, 29000
1, 29000
1, 29000
1, 29000
1, 29000
1, 29000
1, 29000
1, 29000
1, 29000
1, 29000
1, 29000
1, 29000
1, 29000
1, 29000
1, 29000
1, 29000
1, 29000
1, 29000
1, 29000
1, 29000
1, 29000
1, 29000
1, 29000
1, 29000
1, 29000
1, 29000
1, 29000
1, 29000
1, 29000
1, 29000
1, 29000
1, 29000
1, 29000
1, 29000
1, 29000
1, 29000
1, 29000
1, 29000
1, 29000
1, 29000
1, 29000
1, 29000
1, 29000
1, 29000
1, 29000
1, 29000
1, 29000
1, 29000
1, 29000
1, 29000
1, 29000
1, 29000
1, 29000
1, 29000
1, 29000
1, 29000
1, 29000
1, 29000
1, 29000
1, 29000
1, 29000
1, 29000
1, 29000
1, 29000
1, 29000
1, 29000
1, 29000
1, 29000
1, 29000
1, 29000
1, 29000
1, 29000
1, 29000
1, 29000
1, 29000
1, 29000
1, 29000
1, 29000
1, 29000
1, 29000
1, 29000
1, 29000
1, 29000
1, 29000
1, 29000
1, 29000
1, 29000
1, 29000
1, 29000
1, 29000
1, 29000
1, 29000
1, 29000
1, 29000
1, 29000
1, 29000
1, 29000
1, 29000
1, 29000
1, 29000
1, 29000
1, 29000
1, 29000
1, 29000
1, 29000
1, 29000
1, 29000
1, 29000
1, 29000
1, 29000
1, 29000
1, 29000
1, 29000
1, 29000
1, 29000
1, 29000
1, 29000
1, 29000
1, 29000
1, 29000
1, 29000
1, 29000
1, 29000
1, 29000
1, 29000
1, 29000
1, 29000
1, 29000
1, 29000
1, 29000
1, 29000
1, 29000
1, 29000
1, 29000
1, 29000
1, 29000
1, 29000
1, 29000
1, 29000
1, 29000
1, 29000
1, 29000
1, 29000
1, 29000
1, 29000
1, 29000
1, 29000
1, 29000
1, 29000
1, 29000
1, 29000
1, 29000
1, 29000
1, 29000
1, 29000
1, 29000
1, 29000
1, 29000
1, 29000
1, 29000
1, 29000
1, 29000
1, 29000
1, 29000
1, 29000
1, 29000
1, 29000
1, 29000
1, 29000
1, 29000
1, 29000
1, 29000
1, 29000
1, 29000
1, 29000
1, 29000
1, 29000
1, 29000
1, 29000
1, 29000
1, 29000
1, 29000
1, 29000
1, 29000
1, 29000
1, 29000
1, 29000
1, 29000
1, 29000
1, 29000
1, 29000
1, 29000
1, 29000
1, 29000
1, 29000
1, 29000
1, 29000
1, 29000
1, 29000
1, 29000
1, 29000
1, 29000
1, 29000
1, 29000
1, 29000
1, 29000
1, 29000
1, 29000
1, 29000
1, 29000
1, 29000
1, 29000
1, 29000
1, 29000
1, 29000
1, 29000
1, 29000
1, 29000
1, 29000
1, 29000
1, 29000
1, 29000
1, 29000
1, 29000
1, 29000
1, 29000
1, 29000
1, 29000
1, 29000
1, 29000
1, 29000
1, 29000
1, 29000
1, 29000
1, 29000
1, 29000
1, 29000
1, 29000
1, 29000
1, 29000
1, 29000
1, 29000
1, 29000
1, 29000
1, 29000
1, 29000
1, 29000
1, 29000
1, 29000
1, 29000
1, 29000
1, 29000
1, 29000
1, 29000
1, 29000
1, 29000
1, 29000
1, 29000
1, 29000
1, 29000
1, 29000
1, 29000
1, 29000
1, 29000
1, 29000
1, 29000
1, 29000
1, 29000
1, 29000
1, 29000
1, 29000
1, 29000
1, 29000
1, 29000
1, 29000
1, 29000
1, 29000
1, 29000
1, 29000
1, 29000
1, 29000
1, 29000
1, 29000
1, 29000
1, 29000
1, 29000
1, 29000
1, 29000
1, 29000
1, 29000
1, 29000
1, 29000
1, 29000
1, 29000
1, 29000
1, 29000
1, 29000
1, 29000
1, 29000
1, 29000
1, 29000
1, 29000
1, 29000
1, 29000
1, 29000
1, 29000
1, 29000
1, 29000
1, 29000
1, 29000
1, 29000
1, 29000
1, 29000
1, 29000
1, 29000
1, 29000
1, 29000
1, 29000
1, 29000
1, 29000
1, 29000
1, 29000
1, 29000
1, 29000
1, 29000
1, 29000
1, 29000
1, 29000
1, 29000
1, 29000
1, 29000
1, 29000
1, 29000
1, 29000
1, 29000
1, 29000
1, 29000
1, 29000
1, 29000
1, 29000
1, 29000
1, 29000
1, 29000
1, 29000
1, 29000
1, 29000
1, 29000
1, 29000
1, 29000
1, 29000
1, 29000
1, 29000
1, 29000
1, 29000
1, 29000
1, 29000
1, 29000
1, 29000
1, 29000
1, 29000
1, 29000
1, 29000
1, 29000
1, 29000
1, 29000
1, 29000
1, 29000
1, 29000
1, 29000
1, 29000
1, 29000
1, 29000
1, 29000
1, 29000
1, 29000
1, 29000
1, 29000
1, 29000
1, 29000
1, 29000
1, 29000
1, 29000
1, 29000
1, 29000
1, 29000
1, 29000
1, 29000
1, 29000
1, 29000
1, 29000
1, 29000
1, 29000
1, 29000
1, 29000
1, 29000
1, 29000
1, 29000
1, 29000
1, 29000
1, 29000
1, 29000
1, 29000
1, 29000
1, 29000
1, 29000
1, 29000
1, 29000
1, 29000
1, 29000
1, 29000
1, 29000
1, 29000
1, 29000
1, 29000
1, 29000
1, 29000
1, 29000
1, 29000
1, 29000
1, 29000
1, 29000
1, 29000
1, 29000
1, 29000
1, 29000
1, 29000
1, 29000
1, 29000
1, 29000
1, 29000
1, 29000
1, 29000
1, 29000
1, 29000
1, 29000
1, 29000
1, 29000
1, 29000
1, 29000
1, 29000
1, 29000
1, 29000
1, 29000
1, 29000
1, 29000
1, 29000
1, 29000
1, 29000
1, 29000
1, 29000
1, 29000
1, 29000
1, 29000
1, 29000
1, 29000
1, 29000
1, 29000
1, 29000
1, 29000
1, 29000
1, 29000
1, 29000
1, 29000
1, 29000
1, 29000
1, 29000
1, 29000
1, 29000
1, 29000
1, 29000
1, 29000
1, 29000
1, 29000
1, 29000
1, 29000
1, 29000
1, 29000
1, 29000
1, 29000
1, 29000
1, 29000
1, 29000
1, 29000
1, 29000
1, 29000
1, 29000
1, 29000
1, 29000
1, 29000
1, 29000
1, 29000
1, 29000
1, 29000
1, 29000
1, 29000
1, 29000
1, 29000
1, 29000
1, 29000
1, 29000
1, 29000
1, 29000
1, 29000
1, 29000
1, 29000
1, 29000
1, 29000
1, 29000
1, 29000
1, 29000
1, 29000
1, 29000
1, 29000
1, 29000
1, 29000
1, 29000
1, 29000
1, 29000
1, 29000
1, 29000
1, 29000
1, 29000
1, 29000
1, 29000
1, 29000
1, 29000
1, 29000
1, 29000
1, 29000
1, 29000
1, 29000
1, 29000
1, 29000
1, 29000
1, 29000
1, 29000
1, 29000
1, 29000
1, 29000
1, 29000
1, 29000
1, 29000
1, 29000
1, 29000
1, 29000
1, 29000
1, 29000
1, 29000
1, 29000
1, 29000
1, 29000
1, 29000
1, 29000
1, 29000
1, 29000
1, 29000
1, 29000
1, 29000
1, 29000
1, 29000
1, 29000
1, 29000
1, 29000
1, 29000
1, 29000
1, 29000
1, 29000
1, 29000
1, 29000
1, 29000
1, 29000
1, 29000
1, 29000
1, 29000
1, 29000
1, 29000
1, 29000
1, 29000
1, 29000
1, 29000
1, 29000
1, 29000
1, 29000
1, 29000
1, 29000
1, 29000
1, 29000
1, 29000
1, 29000
1, 29000
1, 29000
1, 29000
1, 29000
1, 29000
1, 29000
1, 29000
1, 29000
1, 29000
1, 29000
1, 29000
1, 29000
1, 29000
1, 29000
1, 29000
1, 29000
1, 29000
1, 29000
1, 29000
1, 29000
1, 29000
1, 29000
1, 29000
1, 29000
1, 29000
1, 29000
1, 29000
1, 29000
1, 29000
1, 29000
1, 29000
1, 29000
1, 29000
1, 29000
1, 29000
1, 29000
1, 29000
1, 29000
1, 29000
1, 29000
1, 29000
1, 29000
1, 29000
1, 29000
1, 29000
1, 29000
1, 29000
1, 29000
1, 29000
1, 29000
1, 29000
1, 29000
1, 29000
1, 29000
1, 29000
1, 29000
1, 29000
1, 29000
1, 29000
1, 29000
1, 29000
1, 29000
1, 29000
1, 29000
1, 29000
1, 29000
1, 29000
1, 29000
1, 29000
1, 29000
1, 29000
1, 29000
1, 29000
1, 29000
1, 29000
1, 29000
1, 29000
1, 29000
1, 29000
1, 29000
1, 29000
1, 29000
1, 29000
1, 29000
1, 29000
1, 29000
1, 29000
1, 29000
1, 29000
1, 29000
1, 29000
1, 29000
1, 29000
1, 29000
1, 29000
1, 29000
1, 29000
1, 29000
1, 29000
1, 29000
1, 29000
1, 29000
1, 29000
1, 29000
1, 29000
1, 29000
1, 29000
1, 29000
1, 29000
1, 29000
1, 29000
1, 29000
1, 29000
1, 29000
1, 29000
1, 29000
1, 29000
1, 29000
1, 29000
1, 29000
1, 29000
1, 29000
1, 29000
1, 29000
1, 29000
1, 29000
1, 29000
1, 29000
1, 29000
1, 29000
1, 29000
1, 29000
1, 29000
1, 29000
1, 29000
1, 29000
1, 29000
1, 29000
1, 29000
1, 29000
1, 29000
1, 29000
1, 29000
1, 29000
1, 29000
1, 29000
1, 29000
1, 29000
1, 29000
1, 29000
1, 29000
1, 29000
1, 29000
1, 29000
1, 29000
1, 29000
1, 29000
1, 29000
1, 29000
1, 29000
1, 29000
1, 29000
1, 29000
1, 29000
1, 29000
1, 29000
1, 29000
1, 29000
1, 29000
1, 29000
1, 29000
1, 29000
1, 29000
1, 29000
1, 29000
1, 29000
1, 29000
1, 29000
1, 29000
1, 29000
1, 29000
1, 29000
1, 29000
1, 29000
1, 29000
1, 29000
1, 29000
1, 29000
1, 29000
1, 29000
1, 29000
1, 29000
1, 29000
1, 29000
1, 29000
1, 29000
1, 29000
1, 29000
1, 29000
1, 29000
1, 29000
1, 29000
1, 29000
1, 29000
1, 29000
1, 29000
1, 29000
1, 29000
1, 29000
1, 29000
1, 29000
1, 29000
1, 29000
1, 29000
1, 29000
1, 29000
1, 29000
1, 29000
1, 29000
1, 29000
1, 29000
1, 29000
1, 29000
1, 29000
1, 29000
1, 29000
1, 29000
1, 29000
1, 29000
1, 29000
1, 29000
1, 29000
1, 29000
1, 29000
1, 29000
1, 29000
1, 29000
1, 29000
1, 29000
1, 29000
1, 29000
1, 29000
1, 29000
1, 29000
1, 29000
1, 29000
1, 29000
1, 29000
1, 29000
1, 29000
1, 29000
1, 29000
1, 29000
1, 29000
1, 29000
1, 29000
1, 29000
1, 29000
1, 29000
1, 29000
1, 29000
1, 29000
1, 29000
1, 29000
1, 29000
1, 29000
1, 29000
1, 29000
1, 29000
1, 29000
1, 29000
1, 29000
1, 29000
1, 29000
1, 29000
1, 29000
1, 29000
1, 29000
1, 29000
1, 29000
1, 29000
1, 29000
1, 29000
1, 29000
1, 29000
1, 29000
1, 29000
1, 29000
1, 29000
1, 29000
1, 29000
1, 29000
1, 29000
1, 29000
1, 29000
1, 29000
1, 29000
1, 29000
1, 29000
1, 29000
1, 29000
1, 29000
1, 29000
1, 29000
1, 29000
1, 29000
1, 29000
1, 29000
1, 29000
1, 29000
1, 29000
1, 29000
1, 29000
1, 29000
1, 29000
1, 29000
1, 29000
1, 29000
1, 29000
1, 29000
1, 29000
1, 29000
1, 29000
1, 29000
1, 29000
1, 29000
1, 29000
1, 29000
1, 29000
1, 29000
1, 29000
1, 29000
1, 29000
1, 29000
1, 29000
1, 29000
1, 29000
1, 29000
1, 29000
1, 29000
1, 29000
1, 29000
1, 29000
1, 29000
1, 29000
1, 29000
1, 29000
1, 29000
1, 29000
1, 29000
1, 29000
1, 29000
1, 29000
1, 29000
1, 29000
1, 29000
1, 29000
1, 29000
1, 29000
1, 29000
1, 29000
1, 29000
1, 29000
1, 29000
1, 29000
1, 29000
1, 29000
1, 29000
1, 29000
1, 29000
1, 29000
1, 29000
1, 29000
1, 29000
1, 29000
1, 29000
1, 29000
1, 29000
1, 29000
1, 29000
1, 29000
1, 29000
1, 29000
1, 29000
1, 29000
1, 29000
1, 29000
1, 29000
1, 29000
1, 29000
1, 29000
1, 29000
1, 29000
1, 29000
1, 29000
1, 29000
1, 29000
1, 29000
1, 29000
1, 29000
1, 29000
1, 29000
1, 29000
1, 29000
1, 29000
1, 29000
1, 29000
1, 29000
1, 29000
1, 29000
1, 29000
1, 29000
1, 29000
1, 29000
1, 29000
1, 29000
1, 29000
1, 29000
1, 29000
1, 29000
1, 29000
1, 29000
1, 29000
1, 29000
1, 29000
1, 29000
1, 29000
1, 29000
1, 29000
1, 29000
1, 29000
1, 29000
1, 29000
1, 29000
1, 29000
1, 29000
1, 29000
1, 29000
1, 29000
1, 29000
1, 29000
1, 29000
1, 29000
1, 29000
1, 29000
1, 29000
1, 29000
1, 29000
1, 29000
1, 29000
1, 29000
1, 29000
1, 29000
1, 29000
1, 29000
1, 29000
1, 29000
1, 29000
1, 29000
1, 29000
1, 29000
1, 29000
1, 29000
1, 29000
1, 29000
1, 29000
1, 29000
1, 29000
1, 29000
1, 29000
1, 29000
1, 29000
1, 29000
1, 29000
1, 29000
1, 29000
1, 29000
1, 29000
41, 2, -10
42, 2, -10
43, 2, -10
44, 2, -10
45, 2, -10
46, 2, -10
47, 2, -10
48, 2, -10
49, 2, -10
50, 2, -10
51, 2, -10
52, 2, -10
53, 2, -10
54, 2, -10
55, 2, -10
56, 2, -10
57, 2, -10
58, 2, -10
59, 2, -10
60, 2, -10
61, 2, -10
62, 2, -10
63, 2, -10
64, 2, -10
65, 2, -10
66, 2, -10
67, 2, -10
68, 2, -10
69, 2, -10
70, 2, -10
71, 2, -10
72, 2, -10
73, 2, -10
74, 2, -10
75, 2, -10
76, 2, -10
77, 2, -10
78, 2, -10
79, 2, -10
80, 2, -10
81, 2, -10
82, 2, -10
83, 2, -10
84, 2, -10
85, 2, -10
86, 2, -10
87, 2, -10
88, 2, -10
89, 2, -10
90, 2, -10
91, 2, -10
92, 2, -10
93, 2, -10
94, 2, -10
95, 2, -10
96, 2, -10
97, 2, -10
98, 2, -10
99, 2, -10
100, 2, -10
101, 2, -10
102, 2, -10
103, 2, -10
104, 2, -10
105, 2, -10
106, 2, -10
107, 2, -10
108, 2, -10
109, 2, -10
110, 2, -10
111, 2, -10
112, 2, -10
113, 2, -10
114, 2, -10
115, 2, -10
116, 2, -10
117, 2, -10
118, 2, -10
119, 2, -10
120, 2, -10
121, 2, -10
122, 2, -10
123, 2, -10
124, 2, -10
125, 2, -10
126, 2, -10
127, 2, -10
128, 2, -10
129, 2, -10
130, 2, -10
131, 2, -10
132, 2, -10
133, 2, -10
134, 2, -10
135, 2, -10
136, 2, -10
137, 2, -10
138, 2, -10
139, 2, -10
140, 2, -10
141, 2, -10
142, 2, -10
143, 2, -10
144, 2, -10
145, 2, -10
146, 2, -10
147, 2, -10
148, 2, -10
149, 2, -10
150, 2, -10
151, 2, -10
152, 2, -10
153, 2, -10
154, 2, -10
155, 2, -10
156, 2, -10
157, 2, -10
158, 2, -10
159, 2, -10
160, 2, -10
161, 2, -10
162, 2, -10
163, 2, -10
164, 2, -10
165, 2, -10
166, 2, -10
167, 2, -10
168, 2, -10
169, 2, -10
170, 2, -10
171, 2, -10
172, 2, -10
173, 2, -10
174, 2, -10
175, 2, -10
176, 2, -10
177, 2, -10
178, 2, -10
179, 2, -10
180, 2, -10
181, 2, -10
182, 2, -10
183, 2, -10
184, 2, -10
185, 2, -10
186, 2, -10
187, 2, -10
188, 2, -10
189, 2, -10
190, 2, -10
191, 2, -10
192, 2, -10
193, 2, -10
194, 2, -10
195, 2, -10
196, 2, -10
197, 2, -10
198, 2, -10
199, 2, -10
200, 2, -10
201, 2, -10
202, 2, -10
203, 2, -10
204, 2, -10
205, 2, -10
206, 2, -10
207, 2, -10
208, 2, -10
209, 2, -10
210, 2, -10
211, 2, -10
212, 2, -10
213, 2, -10
214, 2, -10
215, 2, -10
216, 2, -10
217, 2, -10
218, 2, -10
219, 2, -10
220, 2, -10
221, 2, -10
222, 2, -10
223, 2, -10
224, 2, -10
225, 2, -10
226, 2, -10
227, 2, -10
228, 2, -10
229, 2, -10
230, 2, -10
231, 2, -10
232, 2, -10
233, 2, -10
234, 2, -10
235, 2, -10
236, 2, -10
237, 2, -10
238, 2, -10
239, 2, -10
240, 2, -10
241, 2, -10
242, 2, -10
243, 2, -10
244, 2, -10
245, 2, -10
246, 2, -10
247, 2, -10
248, 2, -10
249, 2, -10
250, 2, -10
251, 2, -10
252, 2, -10
253, 2, -10
254, 2, -10
255, 2, -10
256, 2, -10
257, 2, -10
258, 2, -10
259, 2, -10
260, 2, -10
261, 2, -10
262, 2, -10
263, 2, -10
264, 2, -10
265, 2, -10
266, 2, -10
267, 2, -10
268, 2, -10
269, 2, -10
270, 2, -10
271, 2, -10
272, 2, -10
273, 2, -10
274, 2, -10
275, 2, -10
276, 2, -10
277, 2, -10
278, 2, -10
279, 2, -10
280, 2, -10
281, 2, -10
282, 2, -10
283, 2, -10
284, 2, -10
285, 2, -10
286, 2, -10
287, 2, -10
288, 2, -10
289, 2, -10
290, 2, -10
291, 2, -10
292, 2, -10
293, 2, -10
294, 2, -10
295, 2, -10
296, 2, -10
297, 2, -10
298, 2, -10
299, 2, -10
300, 2, -10
301, 2, -10
302, 2, -10
303, 2, -10
304, 2, -10
305, 2, -10
306, 2, -10
307, 2, -10
308, 2, -10
309, 2, -10
310, 2, -10
311, 2, -10
312, 2, -10
313, 2, -10
314, 2, -10
315, 2, -10
316, 2, -10
317, 2, -10
318, 2, -10
319, 2, -10
320, 2, -10
321, 2, -10
322, 2, -10
323, 2, -10
324, 2, -10
325, 2, -10
326, 2, -10
327, 2, -10
328, 2, -10
329, 2, -10
330, 2, -10
331, 2, -10
332, 2, -10
333, 2, -10
334, 2, -10
335, 2, -10
336, 2, -10
337, 2, -10
338, 2, -10
339, 2, -10
340, 2, -10
341, 2, -10
342, 2, -10
343, 2, -10
344, 2, -10
345, 2, -10
346, 2, -10
347, 2, -10
348, 2, -10
349, 2, -10
350, 2, -10
351, 2, -10
352, 2, -10
353, 2, -10
354, 2, -10
355, 2, -10
356, 2, -10
357, 2, -10
358, 2, -10
359, 2, -10
360, 2, -10
361, 2, -10
362, 2, -10
363, 2, -10
364, 2, -10
365, 2, -10
366, 2, -10
367, 2, -10
368, 2, -10
369, 2, -10
370, 2, -10
371, 2, -10
372, 2, -10
373, 2, -10
374, 2, -10
375, 2, -10
376, 2, -10
377, 2, -10
378, 2, -10
379, 2, -10
380, 2, -10
381, 2, -10
382, 2, -10
383, 2, -10
384, 2, -10
385, 2, -10
386, 2, -10
387, 2, -10
388, 2, -10
389, 2, -10
390, 2, -10
391, 2, -10
392, 2, -10
393, 2, -10
394, 2, -10
395, 2, -10
396, 2, -10
397, 2, -10
398, 2, -10
399, 2, -10
400, 2, -10
401, 2, -10
402, 2, -10
403, 2, -10
404, 2, -10
405, 2, -10
406, 2, -10
407, 2, -10
408, 2, -10
409, 2, -10
410, 2, -10
411, 2, -10
412, 2, -10
413, 2, -10
414, 2, -10
415, 2, -10
416, 2, -10
417, 2, -10
418, 2, -10
419, 2, -10
420, 2, -10
421, 2, -10
422, 2, -10
423, 2, -10
424, 2, -10
425, 2, -10
426, 2, -10
427, 2, -10
428, 2, -10
429, 2, -10
430, 2, -10
431, 2, -10
432, 2, -10
433, 2, -10
434, 2, -10
435, 2, -10
436, 2, -10
437, 2, -10
438, 2, -10
439, 2, -10
440, 2, -10
441, 2, -10
442, 2, -10
443, 2, -10
444, 2, -10
445, 2, -10
446, 2, -10
447, 2, -10
448, 2, -10
449, 2, -10
450, 2, -10
451, 2, -10
452, 2, -10
453, 2, -10
454, 2, -10
455, 2, -10
456, 2, -10
457, 2, -10
458, 2, -10
459, 2, -10
460, 2, -10
461, 2, -10
462, 2, -10
463, 2, -10
464, 2, -10
465, 2, -10
466, 2, -10
467, 2, -10
468, 2, -10
469, 2, -10
470, 2, -10
471, 2, -10
472, 2, -10
473, 2, -10
474, 2, -10
475, 2, -10
476, 2, -10
477, 2, -10
478, 2, -10
479, 2, -10
480, 2, -10
481, 2, -10
482, 2, -10
483, 2, -10
484, 2, -10
485, 2, -10
486, 2, -10
487, 2, -10
488, 2, -10
489, 2, -10
490, 2, -10
491, 2, -10
492, 2, -10
493, 2, -10
494, 2, -10
495, 2, -10
496, 2, -10
497, 2, -10
498, 2, -10
499, 2, -10
500, 2, -10
501, 2, -10
502, 2, -10
503, 2, -10
504, 2, -10
505, 2, -10
506, 2, -10
507, 2, -10
508, 2, -10
509, 2, -10
510, 2, -10
511, 2, -10
512, 2, -10
513, 2, -10
514, 2, -10
515, 2, -10
516, 2, -10
517, 2, -10
518, 2, -10
519, 2, -10
520, 2, -10
521, 2, -10
522, 2, -10
523, 2, -10
524, 2, -10
525, 2, -10
526, 2, -10
527, 2, -10
528, 2, -10
529, 2, -10
530, 2, -10
531, 2, -10
532, 2, -10
533, 2, -10
534, 2, -10
535, 2, -10
536, 2, -10
537, 2, -10
538, 2, -10
539, 2, -10
540, 2, -10
541, 2, -10
542, 2, -10
543, 2, -10
544, 2, -10
545, 2, -10
546, 2, -10
547, 2, -10
548, 2, -10
549, 2, -10
550, 2, -10
551, 2, -10
552, 2, -10
553, 2, -10
554, 2, -10
555, 2, -10
556, 2, -10
557, 2, -10
558, 2, -10
559, 2, -10
560, 2, -10
561, 2, -10
562, 2, -10
563, 2, -10
564, 2, -10
565, 2, -10
566, 2, -10
567, 2, -10
568, 2, -10
569, 2, -10
570, 2, -10
571, 2, -10
572, 2, -10
573, 2, -10
574, 2, -10
575, 2, -10
576, 2, -10
577, 2, -10
578, 2, -10
579, 2, -10
580, 2, -10
581, 2, -10
582, 2, -10
583, 2, -10
584, 2, -10
585, 2, -10
586, 2, -10
587, 2, -10
588, 2, -10
589, 2, -10
590, 2, -10
591, 2, -10
592, 2, -10
593, 2, -10
594, 2, -10
595, 2, -10
596, 2, -10
597, 2, -10
598, 2, -10
599, 2, -10
600, 2, -10
601, 2, -10
602, 2, -10
603, 2, -10
604, 2, -10
605, 2, -10
606, 2, -10
607, 2, -10
608, 2, -10
609, 2, -10
610, 2, -10
611, 2, -10
612, 2, -10
613, 2, -10
614, 2, -10
615, 2, -10
616, 2, -10
617, 2, -10
618, 2, -10
619, 2, -10
620, 2, -10
621, 2, -10
622, 2, -10
623, 2, -10
624, 2, -10
625, 2, -10
626, 2, -10
627, 2, -10
628, 2, -10
629, 2, -10
630, 2, -10
631, 2, -10
632, 2, -10
633, 2, -10
634, 2, -10
635, 2, -10
636, 2, -10
637, 2, -10
638, 2, -10
639, 2, -10
640, 2, -10
641, 2, -10
642, 2, -10
643, 2, -10
644, 2, -10
645, 2, -10
646, 2, -10
647, 2, -10
648, 2, -10
649, 2, -10
650, 2, -10
651, 2, -10
652, 2, -10
653, 2, -10
654, 2, -10
655, 2, -10
656, 2, -10
657, 2, -10
658, 2, -10
659, 2, -10
660, 2, -10
661, 2, -10
662, 2, -10
663, 2, -10
664, 2, -10
665, 2, -10
666, 2, -10
667, 2, -10
668, 2, -10
669, 2, -10
670, 2, -10
671, 2, -10
672, 2, -10
673, 2, -10
674, 2, -10
675, 2, -10
676, 2, -10
677, 2, -10
678, 2, -10
679, 2, -10
680, 2, -10
681, 2, -10
682, 2, -10
683, 2, -10
684, 2, -10
685, 2, -10
686, 2, -10
687, 2, -10
688, 2, -10
689, 2, -10
690, 2, -10
691, 2, -10
692, 2, -10
693, 2, -10
694, 2, -10
695, 2, -10
696, 2, -10
697, 2, -10
698, 2, -10
699, 2, -10
700, 2, -10
701, 2, -10
702, 2, -10
703, 2, -10
704, 2, -10
705, 2, -10
706, 2, -10
707, 2, -10
708, 2, -10
709, 2, -10
710, 2, -10
711, 2, -10
712, 2, -10
713, 2, -10
714, 2, -10
715, 2, -10
716, 2, -10
717, 2, -10
718, 2, -10
719, 2, -10
720, 2, -10
721, 2, -10
722, 2, -10
723, 2, -10
724, 2, -10
725, 2, -10
726, 2, -10
727, 2, -10
728, 2, -10
729, 2, -10
730, 2, -10
731, 2, -10
732, 2, -10
733, 2, -10
734, 2, -10
735, 2, -10
736, 2, -10
737, 2, -10
738, 2, -10
739, 2, -10
740, 2, -10
741, 2, -10
742, 2, -10
743, 2, -10
744, 2, -10
745, 2, -10
746, 2, -10
747, 2, -10
748, 2, -10
749, 2, -10
750, 2, -10
751, 2, -10
752, 2, -10
753, 2, -10
754, 2, -10
755, 2, -10
756, 2, -10
757, 2, -10
758, 2, -10
759, 2, -10
760, 2, -10
761, 2, -10
762, 2, -10
763, 2, -10
764, 2, -10
765, 2, -10
766, 2, -10
767, 2, -10
768, 2, -10
769, 2, -10
770, 2, -10
771, 2, -10
772, 2, -10
773, 2, -10
774, 2, -10
775, 2, -10
776, 2, -10
777, 2, -10
778, 2, -10
779, 2, -10
780, 2, -10
781, 2, -10
782, 2, -10
783, 2, -10
784, 2, -10
785, 2, -10
786, 2, -10
787, 2, -10
788, 2, -10
789, 2, -10
790, 2, -10
791, 2, -10
792, 2, -10
793, 2, -10
794, 2, -10
795, 2, -10
796, 2, -10
797, 2, -10
798, 2, -10
799, 2, -10
800, 2, -10
801, 2, -10
802, 2, -10
803, 2, -10
804, 2, -10
805, 2, -10
806, 2, -10
807, 2, -10
808, 2, -10
809, 2, -10
810, 2, -10
811, 2, -10
812, 2, -10
813, 2, -10
814, 2, -10
815, 2, -10
816, 2, -10
817, 2, -10
818, 2, -10
819, 2, -10
820, 2, -10
0, 0, 0
2, 0.1, 0.1 
200 
0.001, 0.001