3675, 1275
1, 51
2, 51
2, 52
3, 52
3, 53
4, 53
4, 54
5, 54
5, 55
6, 55
6, 56
7, 56
7, 57
8, 57
8, 58
9, 58
9, 59
10, 59
10, 60
11, 60
11, 61
12, 61
12, 62
13, 62
13, 63
14, 63
14, 64
15, 64
15, 65
16, 65
16, 66
17, 66
17, 67
18, 67
18, 68
19, 68
19, 69
20, 69
20, 70
21, 70
21, 71
22, 71
22, 72
23, 72
23, 73
24, 73
24, 74
25, 74
25, 75
26, 75
26, 76
27, 76
27, 77
28, 77
28, 78
29, 78
29, 79
30, 79
30, 80
31, 80
31, 81
32, 81
32, 82
33, 82
33, 83
34, 83
34, 84
35, 84
35, 85
36, 85
36, 86
37, 86
37, 87
38, 87
38, 88
39, 88
39, 89
40, 89
40, 90
41, 90
41, 91
42, 91
42, 92
43, 92
43, 93
44, 93
44, 94
45, 94
45, 95
46, 95
46, 96
47, 96
47, 97
48, 97
48, 98
49, 98
49, 99
50, 99
1, 2
2, 3
3, 4
4, 5
5, 6
6, 7
7, 8
8, 9
9, 10
10, 11
11, 12
12, 13
13, 14
14, 15
15, 16
16, 17
17, 18
18, 19
19, 20
20, 21
21, 22
22, 23
23, 24
24, 25
25, 26
26, 27
27, 28
28, 29
29, 30
30, 31
31, 32
32, 33
33, 34
34, 35
35, 36
36, 37
37, 38
38, 39
39, 40
40, 41
41, 42
42, 43
43, 44
44, 45
45, 46
46, 47
47, 48
48, 49
49, 50
51, 100
52, 100
52, 101
53, 101
53, 102
54, 102
54, 103
55, 103
55, 104
56, 104
56, 105
57, 105
57, 106
58, 106
58, 107
59, 107
59, 108
60, 108
60, 109
61, 109
61, 110
62, 110
62, 111
63, 111
63, 112
64, 112
64, 113
65, 113
65, 114
66, 114
66, 115
67, 115
67, 116
68, 116
68, 117
69, 117
69, 118
70, 118
70, 119
71, 119
71, 120
72, 120
72, 121
73, 121
73, 122
74, 122
74, 123
75, 123
75, 124
76, 124
76, 125
77, 125
77, 126
78, 126
78, 127
79, 127
79, 128
80, 128
80, 129
81, 129
81, 130
82, 130
82, 131
83, 131
83, 132
84, 132
84, 133
85, 133
85, 134
86, 134
86, 135
87, 135
87, 136
88, 136
88, 137
89, 137
89, 138
90, 138
90, 139
91, 139
91, 140
92, 140
92, 141
93, 141
93, 142
94, 142
94, 143
95, 143
95, 144
96, 144
96, 145
97, 145
97, 146
98, 146
98, 147
99, 147
51, 52
52, 53
53, 54
54, 55
55, 56
56, 57
57, 58
58, 59
59, 60
60, 61
61, 62
62, 63
63, 64
64, 65
65, 66
66, 67
67, 68
68, 69
69, 70
70, 71
71, 72
72, 73
73, 74
74, 75
75, 76
76, 77
77, 78
78, 79
79, 80
80, 81
81, 82
82, 83
83, 84
84, 85
85, 86
86, 87
87, 88
88, 89
89, 90
90, 91
91, 92
92, 93
93, 94
94, 95
95, 96
96, 97
97, 98
98, 99
100, 148
101, 148
101, 149
102, 149
102, 150
103, 150
103, 151
104, 151
104, 152
105, 152
105, 153
106, 153
106, 154
107, 154
107, 155
108, 155
108, 156
109, 156
109, 157
110, 157
110, 158
111, 158
111, 159
112, 159
112, 160
113, 160
113, 161
114, 161
114, 162
115, 162
115, 163
116, 163
116, 164
117, 164
117, 165
118, 165
118, 166
119, 166
119, 167
120, 167
120, 168
121, 168
121, 169
122, 169
122, 170
123, 170
123, 171
124, 171
124, 172
125, 172
125, 173
126, 173
126, 174
127, 174
127, 175
128, 175
128, 176
129, 176
129, 177
130, 177
130, 178
131, 178
131, 179
132, 179
132, 180
133, 180
133, 181
134, 181
134, 182
135, 182
135, 183
136, 183
136, 184
137, 184
137, 185
138, 185
138, 186
139, 186
139, 187
140, 187
140, 188
141, 188
141, 189
142, 189
142, 190
143, 190
143, 191
144, 191
144, 192
145, 192
145, 193
146, 193
146, 194
147, 194
100, 101
101, 102
102, 103
103, 104
104, 105
105, 106
106, 107
107, 108
108, 109
109, 110
110, 111
111, 112
112, 113
113, 114
114, 115
115, 116
116, 117
117, 118
118, 119
119, 120
120, 121
121, 122
122, 123
123, 124
124, 125
125, 126
126, 127
127, 128
128, 129
129, 130
130, 131
131, 132
132, 133
133, 134
134, 135
135, 136
136, 137
137, 138
138, 139
139, 140
140, 141
141, 142
142, 143
143, 144
144, 145
145, 146
146, 147
148, 195
149, 195
149, 196
150, 196
150, 197
151, 197
151, 198
152, 198
152, 199
153, 199
153, 200
154, 200
154, 201
155, 201
155, 202
156, 202
156, 203
157, 203
157, 204
158, 204
158, 205
159, 205
159, 206
160, 206
160, 207
161, 207
161, 208
162, 208
162, 209
163, 209
163, 210
164, 210
164, 211
165, 211
165, 212
166, 212
166, 213
167, 213
167, 214
168, 214
168, 215
169, 215
169, 216
170, 216
170, 217
171, 217
171, 218
172, 218
172, 219
173, 219
173, 220
174, 220
174, 221
175, 221
175, 222
176, 222
176, 223
177, 223
177, 224
178, 224
178, 225
179, 225
179, 226
180, 226
180, 227
181, 227
181, 228
182, 228
182, 229
183, 229
183, 230
184, 230
184, 231
185, 231
185, 232
186, 232
186, 233
187, 233
187, 234
188, 234
188, 235
189, 235
189, 236
190, 236
190, 237
191, 237
191, 238
192, 238
192, 239
193, 239
193, 240
194, 240
148, 149
149, 150
150, 151
151, 152
152, 153
153, 154
154, 155
155, 156
156, 157
157, 158
158, 159
159, 160
160, 161
161, 162
162, 163
163, 164
164, 165
165, 166
166, 167
167, 168
168, 169
169, 170
170, 171
171, 172
172, 173
173, 174
174, 175
175, 176
176, 177
177, 178
178, 179
179, 180
180, 181
181, 182
182, 183
183, 184
184, 185
185, 186
186, 187
187, 188
188, 189
189, 190
190, 191
191, 192
192, 193
193, 194
195, 241
196, 241
196, 242
197, 242
197, 243
198, 243
198, 244
199, 244
199, 245
200, 245
200, 246
201, 246
201, 247
202, 247
202, 248
203, 248
203, 249
204, 249
204, 250
205, 250
205, 251
206, 251
206, 252
207, 252
207, 253
208, 253
208, 254
209, 254
209, 255
210, 255
210, 256
211, 256
211, 257
212, 257
212, 258
213, 258
213, 259
214, 259
214, 260
215, 260
215, 261
216, 261
216, 262
217, 262
217, 263
218, 263
218, 264
219, 264
219, 265
220, 265
220, 266
221, 266
221, 267
222, 267
222, 268
223, 268
223, 269
224, 269
224, 270
225, 270
225, 271
226, 271
226, 272
227, 272
227, 273
228, 273
228, 274
229, 274
229, 275
230, 275
230, 276
231, 276
231, 277
232, 277
232, 278
233, 278
233, 279
234, 279
234, 280
235, 280
235, 281
236, 281
236, 282
237, 282
237, 283
238, 283
238, 284
239, 284
239, 285
240, 285
195, 196
196, 197
197, 198
198, 199
199, 200
200, 201
201, 202
202, 203
203, 204
204, 205
205, 206
206, 207
207, 208
208, 209
209, 210
210, 211
211, 212
212, 213
213, 214
214, 215
215, 216
216, 217
217, 218
218, 219
219, 220
220, 221
221, 222
222, 223
223, 224
224, 225
225, 226
226, 227
227, 228
228, 229
229, 230
230, 231
231, 232
232, 233
233, 234
234, 235
235, 236
236, 237
237, 238
238, 239
239, 240
241, 286
242, 286
242, 287
243, 287
243, 288
244, 288
244, 289
245, 289
245, 290
246, 290
246, 291
247, 291
247, 292
248, 292
248, 293
249, 293
249, 294
250, 294
250, 295
251, 295
251, 296
252, 296
252, 297
253, 297
253, 298
254, 298
254, 299
255, 299
255, 300
256, 300
256, 301
257, 301
257, 302
258, 302
258, 303
259, 303
259, 304
260, 304
260, 305
261, 305
261, 306
262, 306
262, 307
263, 307
263, 308
264, 308
264, 309
265, 309
265, 310
266, 310
266, 311
267, 311
267, 312
268, 312
268, 313
269, 313
269, 314
270, 314
270, 315
271, 315
271, 316
272, 316
272, 317
273, 317
273, 318
274, 318
274, 319
275, 319
275, 320
276, 320
276, 321
277, 321
277, 322
278, 322
278, 323
279, 323
279, 324
280, 324
280, 325
281, 325
281, 326
282, 326
282, 327
283, 327
283, 328
284, 328
284, 329
285, 329
241, 242
242, 243
243, 244
244, 245
245, 246
246, 247
247, 248
248, 249
249, 250
250, 251
251, 252
252, 253
253, 254
254, 255
255, 256
256, 257
257, 258
258, 259
259, 260
260, 261
261, 262
262, 263
263, 264
264, 265
265, 266
266, 267
267, 268
268, 269
269, 270
270, 271
271, 272
272, 273
273, 274
274, 275
275, 276
276, 277
277, 278
278, 279
279, 280
280, 281
281, 282
282, 283
283, 284
284, 285
286, 330
287, 330
287, 331
288, 331
288, 332
289, 332
289, 333
290, 333
290, 334
291, 334
291, 335
292, 335
292, 336
293, 336
293, 337
294, 337
294, 338
295, 338
295, 339
296, 339
296, 340
297, 340
297, 341
298, 341
298, 342
299, 342
299, 343
300, 343
300, 344
301, 344
301, 345
302, 345
302, 346
303, 346
303, 347
304, 347
304, 348
305, 348
305, 349
306, 349
306, 350
307, 350
307, 351
308, 351
308, 352
309, 352
309, 353
310, 353
310, 354
311, 354
311, 355
312, 355
312, 356
313, 356
313, 357
314, 357
314, 358
315, 358
315, 359
316, 359
316, 360
317, 360
317, 361
318, 361
318, 362
319, 362
319, 363
320, 363
320, 364
321, 364
321, 365
322, 365
322, 366
323, 366
323, 367
324, 367
324, 368
325, 368
325, 369
326, 369
326, 370
327, 370
327, 371
328, 371
328, 372
329, 372
286, 287
287, 288
288, 289
289, 290
290, 291
291, 292
292, 293
293, 294
294, 295
295, 296
296, 297
297, 298
298, 299
299, 300
300, 301
301, 302
302, 303
303, 304
304, 305
305, 306
306, 307
307, 308
308, 309
309, 310
310, 311
311, 312
312, 313
313, 314
314, 315
315, 316
316, 317
317, 318
318, 319
319, 320
320, 321
321, 322
322, 323
323, 324
324, 325
325, 326
326, 327
327, 328
328, 329
330, 373
331, 373
331, 374
332, 374
332, 375
333, 375
333, 376
334, 376
334, 377
335, 377
335, 378
336, 378
336, 379
337, 379
337, 380
338, 380
338, 381
339, 381
339, 382
340, 382
340, 383
341, 383
341, 384
342, 384
342, 385
343, 385
343, 386
344, 386
344, 387
345, 387
345, 388
346, 388
346, 389
347, 389
347, 390
348, 390
348, 391
349, 391
349, 392
350, 392
350, 393
351, 393
351, 394
352, 394
352, 395
353, 395
353, 396
354, 396
354, 397
355, 397
355, 398
356, 398
356, 399
357, 399
357, 400
358, 400
358, 401
359, 401
359, 402
360, 402
360, 403
361, 403
361, 404
362, 404
362, 405
363, 405
363, 406
364, 406
364, 407
365, 407
365, 408
366, 408
366, 409
367, 409
367, 410
368, 410
368, 411
369, 411
369, 412
370, 412
370, 413
371, 413
371, 414
372, 414
330, 331
331, 332
332, 333
333, 334
334, 335
335, 336
336, 337
337, 338
338, 339
339, 340
340, 341
341, 342
342, 343
343, 344
344, 345
345, 346
346, 347
347, 348
348, 349
349, 350
350, 351
351, 352
352, 353
353, 354
354, 355
355, 356
356, 357
357, 358
358, 359
359, 360
360, 361
361, 362
362, 363
363, 364
364, 365
365, 366
366, 367
367, 368
368, 369
369, 370
370, 371
371, 372
373, 415
374, 415
374, 416
375, 416
375, 417
376, 417
376, 418
377, 418
377, 419
378, 419
378, 420
379, 420
379, 421
380, 421
380, 422
381, 422
381, 423
382, 423
382, 424
383, 424
383, 425
384, 425
384, 426
385, 426
385, 427
386, 427
386, 428
387, 428
387, 429
388, 429
388, 430
389, 430
389, 431
390, 431
390, 432
391, 432
391, 433
392, 433
392, 434
393, 434
393, 435
394, 435
394, 436
395, 436
395, 437
396, 437
396, 438
397, 438
397, 439
398, 439
398, 440
399, 440
399, 441
400, 441
400, 442
401, 442
401, 443
402, 443
402, 444
403, 444
403, 445
404, 445
404, 446
405, 446
405, 447
406, 447
406, 448
407, 448
407, 449
408, 449
408, 450
409, 450
409, 451
410, 451
410, 452
411, 452
411, 453
412, 453
412, 454
413, 454
413, 455
414, 455
373, 374
374, 375
375, 376
376, 377
377, 378
378, 379
379, 380
380, 381
381, 382
382, 383
383, 384
384, 385
385, 386
386, 387
387, 388
388, 389
389, 390
390, 391
391, 392
392, 393
393, 394
394, 395
395, 396
396, 397
397, 398
398, 399
399, 400
400, 401
401, 402
402, 403
403, 404
404, 405
405, 406
406, 407
407, 408
408, 409
409, 410
410, 411
411, 412
412, 413
413, 414
415, 456
416, 456
416, 457
417, 457
417, 458
418, 458
418, 459
419, 459
419, 460
420, 460
420, 461
421, 461
421, 462
422, 462
422, 463
423, 463
423, 464
424, 464
424, 465
425, 465
425, 466
426, 466
426, 467
427, 467
427, 468
428, 468
428, 469
429, 469
429, 470
430, 470
430, 471
431, 471
431, 472
432, 472
432, 473
433, 473
433, 474
434, 474
434, 475
435, 475
435, 476
436, 476
436, 477
437, 477
437, 478
438, 478
438, 479
439, 479
439, 480
440, 480
440, 481
441, 481
441, 482
442, 482
442, 483
443, 483
443, 484
444, 484
444, 485
445, 485
445, 486
446, 486
446, 487
447, 487
447, 488
448, 488
448, 489
449, 489
449, 490
450, 490
450, 491
451, 491
451, 492
452, 492
452, 493
453, 493
453, 494
454, 494
454, 495
455, 495
415, 416
416, 417
417, 418
418, 419
419, 420
420, 421
421, 422
422, 423
423, 424
424, 425
425, 426
426, 427
427, 428
428, 429
429, 430
430, 431
431, 432
432, 433
433, 434
434, 435
435, 436
436, 437
437, 438
438, 439
439, 440
440, 441
441, 442
442, 443
443, 444
444, 445
445, 446
446, 447
447, 448
448, 449
449, 450
450, 451
451, 452
452, 453
453, 454
454, 455
456, 496
457, 496
457, 497
458, 497
458, 498
459, 498
459, 499
460, 499
460, 500
461, 500
461, 501
462, 501
462, 502
463, 502
463, 503
464, 503
464, 504
465, 504
465, 505
466, 505
466, 506
467, 506
467, 507
468, 507
468, 508
469, 508
469, 509
470, 509
470, 510
471, 510
471, 511
472, 511
472, 512
473, 512
473, 513
474, 513
474, 514
475, 514
475, 515
476, 515
476, 516
477, 516
477, 517
478, 517
478, 518
479, 518
479, 519
480, 519
480, 520
481, 520
481, 521
482, 521
482, 522
483, 522
483, 523
484, 523
484, 524
485, 524
485, 525
486, 525
486, 526
487, 526
487, 527
488, 527
488, 528
489, 528
489, 529
490, 529
490, 530
491, 530
491, 531
492, 531
492, 532
493, 532
493, 533
494, 533
494, 534
495, 534
456, 457
457, 458
458, 459
459, 460
460, 461
461, 462
462, 463
463, 464
464, 465
465, 466
466, 467
467, 468
468, 469
469, 470
470, 471
471, 472
472, 473
473, 474
474, 475
475, 476
476, 477
477, 478
478, 479
479, 480
480, 481
481, 482
482, 483
483, 484
484, 485
485, 486
486, 487
487, 488
488, 489
489, 490
490, 491
491, 492
492, 493
493, 494
494, 495
496, 535
497, 535
497, 536
498, 536
498, 537
499, 537
499, 538
500, 538
500, 539
501, 539
501, 540
502, 540
502, 541
503, 541
503, 542
504, 542
504, 543
505, 543
505, 544
506, 544
506, 545
507, 545
507, 546
508, 546
508, 547
509, 547
509, 548
510, 548
510, 549
511, 549
511, 550
512, 550
512, 551
513, 551
513, 552
514, 552
514, 553
515, 553
515, 554
516, 554
516, 555
517, 555
517, 556
518, 556
518, 557
519, 557
519, 558
520, 558
520, 559
521, 559
521, 560
522, 560
522, 561
523, 561
523, 562
524, 562
524, 563
525, 563
525, 564
526, 564
526, 565
527, 565
527, 566
528, 566
528, 567
529, 567
529, 568
530, 568
530, 569
531, 569
531, 570
532, 570
532, 571
533, 571
533, 572
534, 572
496, 497
497, 498
498, 499
499, 500
500, 501
501, 502
502, 503
503, 504
504, 505
505, 506
506, 507
507, 508
508, 509
509, 510
510, 511
511, 512
512, 513
513, 514
514, 515
515, 516
516, 517
517, 518
518, 519
519, 520
520, 521
521, 522
522, 523
523, 524
524, 525
525, 526
526, 527
527, 528
528, 529
529, 530
530, 531
531, 532
532, 533
533, 534
535, 573
536, 573
536, 574
537, 574
537, 575
538, 575
538, 576
539, 576
539, 577
540, 577
540, 578
541, 578
541, 579
542, 579
542, 580
543, 580
543, 581
544, 581
544, 582
545, 582
545, 583
546, 583
546, 584
547, 584
547, 585
548, 585
548, 586
549, 586
549, 587
550, 587
550, 588
551, 588
551, 589
552, 589
552, 590
553, 590
553, 591
554, 591
554, 592
555, 592
555, 593
556, 593
556, 594
557, 594
557, 595
558, 595
558, 596
559, 596
559, 597
560, 597
560, 598
561, 598
561, 599
562, 599
562, 600
563, 600
563, 601
564, 601
564, 602
565, 602
565, 603
566, 603
566, 604
567, 604
567, 605
568, 605
568, 606
569, 606
569, 607
570, 607
570, 608
571, 608
571, 609
572, 609
535, 536
536, 537
537, 538
538, 539
539, 540
540, 541
541, 542
542, 543
543, 544
544, 545
545, 546
546, 547
547, 548
548, 549
549, 550
550, 551
551, 552
552, 553
553, 554
554, 555
555, 556
556, 557
557, 558
558, 559
559, 560
560, 561
561, 562
562, 563
563, 564
564, 565
565, 566
566, 567
567, 568
568, 569
569, 570
570, 571
571, 572
573, 610
574, 610
574, 611
575, 611
575, 612
576, 612
576, 613
577, 613
577, 614
578, 614
578, 615
579, 615
579, 616
580, 616
580, 617
581, 617
581, 618
582, 618
582, 619
583, 619
583, 620
584, 620
584, 621
585, 621
585, 622
586, 622
586, 623
587, 623
587, 624
588, 624
588, 625
589, 625
589, 626
590, 626
590, 627
591, 627
591, 628
592, 628
592, 629
593, 629
593, 630
594, 630
594, 631
595, 631
595, 632
596, 632
596, 633
597, 633
597, 634
598, 634
598, 635
599, 635
599, 636
600, 636
600, 637
601, 637
601, 638
602, 638
602, 639
603, 639
603, 640
604, 640
604, 641
605, 641
605, 642
606, 642
606, 643
607, 643
607, 644
608, 644
608, 645
609, 645
573, 574
574, 575
575, 576
576, 577
577, 578
578, 579
579, 580
580, 581
581, 582
582, 583
583, 584
584, 585
585, 586
586, 587
587, 588
588, 589
589, 590
590, 591
591, 592
592, 593
593, 594
594, 595
595, 596
596, 597
597, 598
598, 599
599, 600
600, 601
601, 602
602, 603
603, 604
604, 605
605, 606
606, 607
607, 608
608, 609
610, 646
611, 646
611, 647
612, 647
612, 648
613, 648
613, 649
614, 649
614, 650
615, 650
615, 651
616, 651
616, 652
617, 652
617, 653
618, 653
618, 654
619, 654
619, 655
620, 655
620, 656
621, 656
621, 657
622, 657
622, 658
623, 658
623, 659
624, 659
624, 660
625, 660
625, 661
626, 661
626, 662
627, 662
627, 663
628, 663
628, 664
629, 664
629, 665
630, 665
630, 666
631, 666
631, 667
632, 667
632, 668
633, 668
633, 669
634, 669
634, 670
635, 670
635, 671
636, 671
636, 672
637, 672
637, 673
638, 673
638, 674
639, 674
639, 675
640, 675
640, 676
641, 676
641, 677
642, 677
642, 678
643, 678
643, 679
644, 679
644, 680
645, 680
610, 611
611, 612
612, 613
613, 614
614, 615
615, 616
616, 617
617, 618
618, 619
619, 620
620, 621
621, 622
622, 623
623, 624
624, 625
625, 626
626, 627
627, 628
628, 629
629, 630
630, 631
631, 632
632, 633
633, 634
634, 635
635, 636
636, 637
637, 638
638, 639
639, 640
640, 641
641, 642
642, 643
643, 644
644, 645
646, 681
647, 681
647, 682
648, 682
648, 683
649, 683
649, 684
650, 684
650, 685
651, 685
651, 686
652, 686
652, 687
653, 687
653, 688
654, 688
654, 689
655, 689
655, 690
656, 690
656, 691
657, 691
657, 692
658, 692
658, 693
659, 693
659, 694
660, 694
660, 695
661, 695
661, 696
662, 696
662, 697
663, 697
663, 698
664, 698
664, 699
665, 699
665, 700
666, 700
666, 701
667, 701
667, 702
668, 702
668, 703
669, 703
669, 704
670, 704
670, 705
671, 705
671, 706
672, 706
672, 707
673, 707
673, 708
674, 708
674, 709
675, 709
675, 710
676, 710
676, 711
677, 711
677, 712
678, 712
678, 713
679, 713
679, 714
680, 714
646, 647
647, 648
648, 649
649, 650
650, 651
651, 652
652, 653
653, 654
654, 655
655, 656
656, 657
657, 658
658, 659
659, 660
660, 661
661, 662
662, 663
663, 664
664, 665
665, 666
666, 667
667, 668
668, 669
669, 670
670, 671
671, 672
672, 673
673, 674
674, 675
675, 676
676, 677
677, 678
678, 679
679, 680
681, 715
682, 715
682, 716
683, 716
683, 717
684, 717
684, 718
685, 718
685, 719
686, 719
686, 720
687, 720
687, 721
688, 721
688, 722
689, 722
689, 723
690, 723
690, 724
691, 724
691, 725
692, 725
692, 726
693, 726
693, 727
694, 727
694, 728
695, 728
695, 729
696, 729
696, 730
697, 730
697, 731
698, 731
698, 732
699, 732
699, 733
700, 733
700, 734
701, 734
701, 735
702, 735
702, 736
703, 736
703, 737
704, 737
704, 738
705, 738
705, 739
706, 739
706, 740
707, 740
707, 741
708, 741
708, 742
709, 742
709, 743
710, 743
710, 744
711, 744
711, 745
712, 745
712, 746
713, 746
713, 747
714, 747
681, 682
682, 683
683, 684
684, 685
685, 686
686, 687
687, 688
688, 689
689, 690
690, 691
691, 692
692, 693
693, 694
694, 695
695, 696
696, 697
697, 698
698, 699
699, 700
700, 701
701, 702
702, 703
703, 704
704, 705
705, 706
706, 707
707, 708
708, 709
709, 710
710, 711
711, 712
712, 713
713, 714
715, 748
716, 748
716, 749
717, 749
717, 750
718, 750
718, 751
719, 751
719, 752
720, 752
720, 753
721, 753
721, 754
722, 754
722, 755
723, 755
723, 756
724, 756
724, 757
725, 757
725, 758
726, 758
726, 759
727, 759
727, 760
728, 760
728, 761
729, 761
729, 762
730, 762
730, 763
731, 763
731, 764
732, 764
732, 765
733, 765
733, 766
734, 766
734, 767
735, 767
735, 768
736, 768
736, 769
737, 769
737, 770
738, 770
738, 771
739, 771
739, 772
740, 772
740, 773
741, 773
741, 774
742, 774
742, 775
743, 775
743, 776
744, 776
744, 777
745, 777
745, 778
746, 778
746, 779
747, 779
715, 716
716, 717
717, 718
718, 719
719, 720
720, 721
721, 722
722, 723
723, 724
724, 725
725, 726
726, 727
727, 728
728, 729
729, 730
730, 731
731, 732
732, 733
733, 734
734, 735
735, 736
736, 737
737, 738
738, 739
739, 740
740, 741
741, 742
742, 743
743, 744
744, 745
745, 746
746, 747
748, 780
749, 780
749, 781
750, 781
750, 782
751, 782
751, 783
752, 783
752, 784
753, 784
753, 785
754, 785
754, 786
755, 786
755, 787
756, 787
756, 788
757, 788
757, 789
758, 789
758, 790
759, 790
759, 791
760, 791
760, 792
761, 792
761, 793
762, 793
762, 794
763, 794
763, 795
764, 795
764, 796
765, 796
765, 797
766, 797
766, 798
767, 798
767, 799
768, 799
768, 800
769, 800
769, 801
770, 801
770, 802
771, 802
771, 803
772, 803
772, 804
773, 804
773, 805
774, 805
774, 806
775, 806
775, 807
776, 807
776, 808
777, 808
777, 809
778, 809
778, 810
779, 810
748, 749
749, 750
750, 751
751, 752
752, 753
753, 754
754, 755
755, 756
756, 757
757, 758
758, 759
759, 760
760, 761
761, 762
762, 763
763, 764
764, 765
765, 766
766, 767
767, 768
768, 769
769, 770
770, 771
771, 772
772, 773
773, 774
774, 775
775, 776
776, 777
777, 778
778, 779
780, 811
781, 811
781, 812
782, 812
782, 813
783, 813
783, 814
784, 814
784, 815
785, 815
785, 816
786, 816
786, 817
787, 817
787, 818
788, 818
788, 819
789, 819
789, 820
790, 820
790, 821
791, 821
791, 822
792, 822
792, 823
793, 823
793, 824
794, 824
794, 825
795, 825
795, 826
796, 826
796, 827
797, 827
797, 828
798, 828
798, 829
799, 829
799, 830
800, 830
800, 831
801, 831
801, 832
802, 832
802, 833
803, 833
803, 834
804, 834
804, 835
805, 835
805, 836
806, 836
806, 837
807, 837
807, 838
808, 838
808, 839
809, 839
809, 840
810, 840
780, 781
781, 782
782, 783
783, 784
784, 785
785, 786
786, 787
787, 788
788, 789
789, 790
790, 791
791, 792
792, 793
793, 794
794, 795
795, 796
796, 797
797, 798
798, 799
799, 800
800, 801
801, 802
802, 803
803, 804
804, 805
805, 806
806, 807
807, 808
808, 809
809, 810
811, 841
812, 841
812, 842
813, 842
813, 843
814, 843
814, 844
815, 844
815, 845
816, 845
816, 846
817, 846
817, 847
818, 847
818, 848
819, 848
819, 849
820, 849
820, 850
821, 850
821, 851
822, 851
822, 852
823, 852
823, 853
824, 853
824, 854
825, 854
825, 855
826, 855
826, 856
827, 856
827, 857
828, 857
828, 858
829, 858
829, 859
830, 859
830, 860
831, 860
831, 861
832, 861
832, 862
833, 862
833, 863
834, 863
834, 864
835, 864
835, 865
836, 865
836, 866
837, 866
837, 867
838, 867
838, 868
839, 868
839, 869
840, 869
811, 812
812, 813
813, 814
814, 815
815, 816
816, 817
817, 818
818, 819
819, 820
820, 821
821, 822
822, 823
823, 824
824, 825
825, 826
826, 827
827, 828
828, 829
829, 830
830, 831
831, 832
832, 833
833, 834
834, 835
835, 836
836, 837
837, 838
838, 839
839, 840
841, 870
842, 870
842, 871
843, 871
843, 872
844, 872
844, 873
845, 873
845, 874
846, 874
846, 875
847, 875
847, 876
848, 876
848, 877
849, 877
849, 878
850, 878
850, 879
851, 879
851, 880
852, 880
852, 881
853, 881
853, 882
854, 882
854, 883
855, 883
855, 884
856, 884
856, 885
857, 885
857, 886
858, 886
858, 887
859, 887
859, 888
860, 888
860, 889
861, 889
861, 890
862, 890
862, 891
863, 891
863, 892
864, 892
864, 893
865, 893
865, 894
866, 894
866, 895
867, 895
867, 896
868, 896
868, 897
869, 897
841, 842
842, 843
843, 844
844, 845
845, 846
846, 847
847, 848
848, 849
849, 850
850, 851
851, 852
852, 853
853, 854
854, 855
855, 856
856, 857
857, 858
858, 859
859, 860
860, 861
861, 862
862, 863
863, 864
864, 865
865, 866
866, 867
867, 868
868, 869
870, 898
871, 898
871, 899
872, 899
872, 900
873, 900
873, 901
874, 901
874, 902
875, 902
875, 903
876, 903
876, 904
877, 904
877, 905
878, 905
878, 906
879, 906
879, 907
880, 907
880, 908
881, 908
881, 909
882, 909
882, 910
883, 910
883, 911
884, 911
884, 912
885, 912
885, 913
886, 913
886, 914
887, 914
887, 915
888, 915
888, 916
889, 916
889, 917
890, 917
890, 918
891, 918
891, 919
892, 919
892, 920
893, 920
893, 921
894, 921
894, 922
895, 922
895, 923
896, 923
896, 924
897, 924
870, 871
871, 872
872, 873
873, 874
874, 875
875, 876
876, 877
877, 878
878, 879
879, 880
880, 881
881, 882
882, 883
883, 884
884, 885
885, 886
886, 887
887, 888
888, 889
889, 890
890, 891
891, 892
892, 893
893, 894
894, 895
895, 896
896, 897
898, 925
899, 925
899, 926
900, 926
900, 927
901, 927
901, 928
902, 928
902, 929
903, 929
903, 930
904, 930
904, 931
905, 931
905, 932
906, 932
906, 933
907, 933
907, 934
908, 934
908, 935
909, 935
909, 936
910, 936
910, 937
911, 937
911, 938
912, 938
912, 939
913, 939
913, 940
914, 940
914, 941
915, 941
915, 942
916, 942
916, 943
917, 943
917, 944
918, 944
918, 945
919, 945
919, 946
920, 946
920, 947
921, 947
921, 948
922, 948
922, 949
923, 949
923, 950
924, 950
898, 899
899, 900
900, 901
901, 902
902, 903
903, 904
904, 905
905, 906
906, 907
907, 908
908, 909
909, 910
910, 911
911, 912
912, 913
913, 914
914, 915
915, 916
916, 917
917, 918
918, 919
919, 920
920, 921
921, 922
922, 923
923, 924
925, 951
926, 951
926, 952
927, 952
927, 953
928, 953
928, 954
929, 954
929, 955
930, 955
930, 956
931, 956
931, 957
932, 957
932, 958
933, 958
933, 959
934, 959
934, 960
935, 960
935, 961
936, 961
936, 962
937, 962
937, 963
938, 963
938, 964
939, 964
939, 965
940, 965
940, 966
941, 966
941, 967
942, 967
942, 968
943, 968
943, 969
944, 969
944, 970
945, 970
945, 971
946, 971
946, 972
947, 972
947, 973
948, 973
948, 974
949, 974
949, 975
950, 975
925, 926
926, 927
927, 928
928, 929
929, 930
930, 931
931, 932
932, 933
933, 934
934, 935
935, 936
936, 937
937, 938
938, 939
939, 940
940, 941
941, 942
942, 943
943, 944
944, 945
945, 946
946, 947
947, 948
948, 949
949, 950
951, 976
952, 976
952, 977
953, 977
953, 978
954, 978
954, 979
955, 979
955, 980
956, 980
956, 981
957, 981
957, 982
958, 982
958, 983
959, 983
959, 984
960, 984
960, 985
961, 985
961, 986
962, 986
962, 987
963, 987
963, 988
964, 988
964, 989
965, 989
965, 990
966, 990
966, 991
967, 991
967, 992
968, 992
968, 993
969, 993
969, 994
970, 994
970, 995
971, 995
971, 996
972, 996
972, 997
973, 997
973, 998
974, 998
974, 999
975, 999
951, 952
952, 953
953, 954
954, 955
955, 956
956, 957
957, 958
958, 959
959, 960
960, 961
961, 962
962, 963
963, 964
964, 965
965, 966
966, 967
967, 968
968, 969
969, 970
970, 971
971, 972
972, 973
973, 974
974, 975
976, 1000
977, 1000
977, 1001
978, 1001
978, 1002
979, 1002
979, 1003
980, 1003
980, 1004
981, 1004
981, 1005
982, 1005
982, 1006
983, 1006
983, 1007
984, 1007
984, 1008
985, 1008
985, 1009
986, 1009
986, 1010
987, 1010
987, 1011
988, 1011
988, 1012
989, 1012
989, 1013
990, 1013
990, 1014
991, 1014
991, 1015
992, 1015
992, 1016
993, 1016
993, 1017
994, 1017
994, 1018
995, 1018
995, 1019
996, 1019
996, 1020
997, 1020
997, 1021
998, 1021
998, 1022
999, 1022
976, 977
977, 978
978, 979
979, 980
980, 981
981, 982
982, 983
983, 984
984, 985
985, 986
986, 987
987, 988
988, 989
989, 990
990, 991
991, 992
992, 993
993, 994
994, 995
995, 996
996, 997
997, 998
998, 999
1000, 1023
1001, 1023
1001, 1024
1002, 1024
1002, 1025
1003, 1025
1003, 1026
1004, 1026
1004, 1027
1005, 1027
1005, 1028
1006, 1028
1006, 1029
1007, 1029
1007, 1030
1008, 1030
1008, 1031
1009, 1031
1009, 1032
1010, 1032
1010, 1033
1011, 1033
1011, 1034
1012, 1034
1012, 1035
1013, 1035
1013, 1036
1014, 1036
1014, 1037
1015, 1037
1015, 1038
1016, 1038
1016, 1039
1017, 1039
1017, 1040
1018, 1040
1018, 1041
1019, 1041
1019, 1042
1020, 1042
1020, 1043
1021, 1043
1021, 1044
1022, 1044
1000, 1001
1001, 1002
1002, 1003
1003, 1004
1004, 1005
1005, 1006
1006, 1007
1007, 1008
1008, 1009
1009, 1010
1010, 1011
1011, 1012
1012, 1013
1013, 1014
1014, 1015
1015, 1016
1016, 1017
1017, 1018
1018, 1019
1019, 1020
1020, 1021
1021, 1022
1023, 1045
1024, 1045
1024, 1046
1025, 1046
1025, 1047
1026, 1047
1026, 1048
1027, 1048
1027, 1049
1028, 1049
1028, 1050
1029, 1050
1029, 1051
1030, 1051
1030, 1052
1031, 1052
1031, 1053
1032, 1053
1032, 1054
1033, 1054
1033, 1055
1034, 1055
1034, 1056
1035, 1056
1035, 1057
1036, 1057
1036, 1058
1037, 1058
1037, 1059
1038, 1059
1038, 1060
1039, 1060
1039, 1061
1040, 1061
1040, 1062
1041, 1062
1041, 1063
1042, 1063
1042, 1064
1043, 1064
1043, 1065
1044, 1065
1023, 1024
1024, 1025
1025, 1026
1026, 1027
1027, 1028
1028, 1029
1029, 1030
1030, 1031
1031, 1032
1032, 1033
1033, 1034
1034, 1035
1035, 1036
1036, 1037
1037, 1038
1038, 1039
1039, 1040
1040, 1041
1041, 1042
1042, 1043
1043, 1044
1045, 1066
1046, 1066
1046, 1067
1047, 1067
1047, 1068
1048, 1068
1048, 1069
1049, 1069
1049, 1070
1050, 1070
1050, 1071
1051, 1071
1051, 1072
1052, 1072
1052, 1073
1053, 1073
1053, 1074
1054, 1074
1054, 1075
1055, 1075
1055, 1076
1056, 1076
1056, 1077
1057, 1077
1057, 1078
1058, 1078
1058, 1079
1059, 1079
1059, 1080
1060, 1080
1060, 1081
1061, 1081
1061, 1082
1062, 1082
1062, 1083
1063, 1083
1063, 1084
1064, 1084
1064, 1085
1065, 1085
1045, 1046
1046, 1047
1047, 1048
1048, 1049
1049, 1050
1050, 1051
1051, 1052
1052, 1053
1053, 1054
1054, 1055
1055, 1056
1056, 1057
1057, 1058
1058, 1059
1059, 1060
1060, 1061
1061, 1062
1062, 1063
1063, 1064
1064, 1065
1066, 1086
1067, 1086
1067, 1087
1068, 1087
1068, 1088
1069, 1088
1069, 1089
1070, 1089
1070, 1090
1071, 1090
1071, 1091
1072, 1091
1072, 1092
1073, 1092
1073, 1093
1074, 1093
1074, 1094
1075, 1094
1075, 1095
1076, 1095
1076, 1096
1077, 1096
1077, 1097
1078, 1097
1078, 1098
1079, 1098
1079, 1099
1080, 1099
1080, 1100
1081, 1100
1081, 1101
1082, 1101
1082, 1102
1083, 1102
1083, 1103
1084, 1103
1084, 1104
1085, 1104
1066, 1067
1067, 1068
1068, 1069
1069, 1070
1070, 1071
1071, 1072
1072, 1073
1073, 1074
1074, 1075
1075, 1076
1076, 1077
1077, 1078
1078, 1079
1079, 1080
1080, 1081
1081, 1082
1082, 1083
1083, 1084
1084, 1085
1086, 1105
1087, 1105
1087, 1106
1088, 1106
1088, 1107
1089, 1107
1089, 1108
1090, 1108
1090, 1109
1091, 1109
1091, 1110
1092, 1110
1092, 1111
1093, 1111
1093, 1112
1094, 1112
1094, 1113
1095, 1113
1095, 1114
1096, 1114
1096, 1115
1097, 1115
1097, 1116
1098, 1116
1098, 1117
1099, 1117
1099, 1118
1100, 1118
1100, 1119
1101, 1119
1101, 1120
1102, 1120
1102, 1121
1103, 1121
1103, 1122
1104, 1122
1086, 1087
1087, 1088
1088, 1089
1089, 1090
1090, 1091
1091, 1092
1092, 1093
1093, 1094
1094, 1095
1095, 1096
1096, 1097
1097, 1098
1098, 1099
1099, 1100
1100, 1101
1101, 1102
1102, 1103
1103, 1104
1105, 1123
1106, 1123
1106, 1124
1107, 1124
1107, 1125
1108, 1125
1108, 1126
1109, 1126
1109, 1127
1110, 1127
1110, 1128
1111, 1128
1111, 1129
1112, 1129
1112, 1130
1113, 1130
1113, 1131
1114, 1131
1114, 1132
1115, 1132
1115, 1133
1116, 1133
1116, 1134
1117, 1134
1117, 1135
1118, 1135
1118, 1136
1119, 1136
1119, 1137
1120, 1137
1120, 1138
1121, 1138
1121, 1139
1122, 1139
1105, 1106
1106, 1107
1107, 1108
1108, 1109
1109, 1110
1110, 1111
1111, 1112
1112, 1113
1113, 1114
1114, 1115
1115, 1116
1116, 1117
1117, 1118
1118, 1119
1119, 1120
1120, 1121
1121, 1122
1123, 1140
1124, 1140
1124, 1141
1125, 1141
1125, 1142
1126, 1142
1126, 1143
1127, 1143
1127, 1144
1128, 1144
1128, 1145
1129, 1145
1129, 1146
1130, 1146
1130, 1147
1131, 1147
1131, 1148
1132, 1148
1132, 1149
1133, 1149
1133, 1150
1134, 1150
1134, 1151
1135, 1151
1135, 1152
1136, 1152
1136, 1153
1137, 1153
1137, 1154
1138, 1154
1138, 1155
1139, 1155
1123, 1124
1124, 1125
1125, 1126
1126, 1127
1127, 1128
1128, 1129
1129, 1130
1130, 1131
1131, 1132
1132, 1133
1133, 1134
1134, 1135
1135, 1136
1136, 1137
1137, 1138
1138, 1139
1140, 1156
1141, 1156
1141, 1157
1142, 1157
1142, 1158
1143, 1158
1143, 1159
1144, 1159
1144, 1160
1145, 1160
1145, 1161
1146, 1161
1146, 1162
1147, 1162
1147, 1163
1148, 1163
1148, 1164
1149, 1164
1149, 1165
1150, 1165
1150, 1166
1151, 1166
1151, 1167
1152, 1167
1152, 1168
1153, 1168
1153, 1169
1154, 1169
1154, 1170
1155, 1170
1140, 1141
1141, 1142
1142, 1143
1143, 1144
1144, 1145
1145, 1146
1146, 1147
1147, 1148
1148, 1149
1149, 1150
1150, 1151
1151, 1152
1152, 1153
1153, 1154
1154, 1155
1156, 1171
1157, 1171
1157, 1172
1158, 1172
1158, 1173
1159, 1173
1159, 1174
1160, 1174
1160, 1175
1161, 1175
1161, 1176
1162, 1176
1162, 1177
1163, 1177
1163, 1178
1164, 1178
1164, 1179
1165, 1179
1165, 1180
1166, 1180
1166, 1181
1167, 1181
1167, 1182
1168, 1182
1168, 1183
1169, 1183
1169, 1184
1170, 1184
1156, 1157
1157, 1158
1158, 1159
1159, 1160
1160, 1161
1161, 1162
1162, 1163
1163, 1164
1164, 1165
1165, 1166
1166, 1167
1167, 1168
1168, 1169
1169, 1170
1171, 1185
1172, 1185
1172, 1186
1173, 1186
1173, 1187
1174, 1187
1174, 1188
1175, 1188
1175, 1189
1176, 1189
1176, 1190
1177, 1190
1177, 1191
1178, 1191
1178, 1192
1179, 1192
1179, 1193
1180, 1193
1180, 1194
1181, 1194
1181, 1195
1182, 1195
1182, 1196
1183, 1196
1183, 1197
1184, 1197
1171, 1172
1172, 1173
1173, 1174
1174, 1175
1175, 1176
1176, 1177
1177, 1178
1178, 1179
1179, 1180
1180, 1181
1181, 1182
1182, 1183
1183, 1184
1185, 1198
1186, 1198
1186, 1199
1187, 1199
1187, 1200
1188, 1200
1188, 1201
1189, 1201
1189, 1202
1190, 1202
1190, 1203
1191, 1203
1191, 1204
1192, 1204
1192, 1205
1193, 1205
1193, 1206
1194, 1206
1194, 1207
1195, 1207
1195, 1208
1196, 1208
1196, 1209
1197, 1209
1185, 1186
1186, 1187
1187, 1188
1188, 1189
1189, 1190
1190, 1191
1191, 1192
1192, 1193
1193, 1194
1194, 1195
1195, 1196
1196, 1197
1198, 1210
1199, 1210
1199, 1211
1200, 1211
1200, 1212
1201, 1212
1201, 1213
1202, 1213
1202, 1214
1203, 1214
1203, 1215
1204, 1215
1204, 1216
1205, 1216
1205, 1217
1206, 1217
1206, 1218
1207, 1218
1207, 1219
1208, 1219
1208, 1220
1209, 1220
1198, 1199
1199, 1200
1200, 1201
1201, 1202
1202, 1203
1203, 1204
1204, 1205
1205, 1206
1206, 1207
1207, 1208
1208, 1209
1210, 1221
1211, 1221
1211, 1222
1212, 1222
1212, 1223
1213, 1223
1213, 1224
1214, 1224
1214, 1225
1215, 1225
1215, 1226
1216, 1226
1216, 1227
1217, 1227
1217, 1228
1218, 1228
1218, 1229
1219, 1229
1219, 1230
1220, 1230
1210, 1211
1211, 1212
1212, 1213
1213, 1214
1214, 1215
1215, 1216
1216, 1217
1217, 1218
1218, 1219
1219, 1220
1221, 1231
1222, 1231
1222, 1232
1223, 1232
1223, 1233
1224, 1233
1224, 1234
1225, 1234
1225, 1235
1226, 1235
1226, 1236
1227, 1236
1227, 1237
1228, 1237
1228, 1238
1229, 1238
1229, 1239
1230, 1239
1221, 1222
1222, 1223
1223, 1224
1224, 1225
1225, 1226
1226, 1227
1227, 1228
1228, 1229
1229, 1230
1231, 1240
1232, 1240
1232, 1241
1233, 1241
1233, 1242
1234, 1242
1234, 1243
1235, 1243
1235, 1244
1236, 1244
1236, 1245
1237, 1245
1237, 1246
1238, 1246
1238, 1247
1239, 1247
1231, 1232
1232, 1233
1233, 1234
1234, 1235
1235, 1236
1236, 1237
1237, 1238
1238, 1239
1240, 1248
1241, 1248
1241, 1249
1242, 1249
1242, 1250
1243, 1250
1243, 1251
1244, 1251
1244, 1252
1245, 1252
1245, 1253
1246, 1253
1246, 1254
1247, 1254
1240, 1241
1241, 1242
1242, 1243
1243, 1244
1244, 1245
1245, 1246
1246, 1247
1248, 1255
1249, 1255
1249, 1256
1250, 1256
1250, 1257
1251, 1257
1251, 1258
1252, 1258
1252, 1259
1253, 1259
1253, 1260
1254, 1260
1248, 1249
1249, 1250
1250, 1251
1251, 1252
1252, 1253
1253, 1254
1255, 1261
1256, 1261
1256, 1262
1257, 1262
1257, 1263
1258, 1263
1258, 1264
1259, 1264
1259, 1265
1260, 1265
1255, 1256
1256, 1257
1257, 1258
1258, 1259
1259, 1260
1261, 1266
1262, 1266
1262, 1267
1263, 1267
1263, 1268
1264, 1268
1264, 1269
1265, 1269
1261, 1262
1262, 1263
1263, 1264
1264, 1265
1266, 1270
1267, 1270
1267, 1271
1268, 1271
1268, 1272
1269, 1272
1266, 1267
1267, 1268
1268, 1269
1270, 1273
1271, 1273
1271, 1274
1272, 1274
1270, 1271
1271, 1272
1273, 1275
1274, 1275
1273, 1274
1, 1
1, 2
1, 3
2, 1
2, 2
2, 3
3, 1
3, 2
3, 3
4, 1
4, 2
4, 3
5, 1
5, 2
5, 3
6, 1
6, 2
6, 3
7, 1
7, 2
7, 3
8, 1
8, 2
8, 3
9, 1
9, 2
9, 3
10, 1
10, 2
10, 3
11, 1
11, 2
11, 3
12, 1
12, 2
12, 3
13, 1
13, 2
13, 3
14, 1
14, 2
14, 3
15, 1
15, 2
15, 3
16, 1
16, 2
16, 3
17, 1
17, 2
17, 3
18, 1
18, 2
18, 3
19, 1
19, 2
19, 3
20, 1
20, 2
20, 3
21, 1
21, 2
21, 3
22, 1
22, 2
22, 3
23, 1
23, 2
23, 3
24, 1
24, 2
24, 3
25, 1
25, 2
25, 3
26, 1
26, 2
26, 3
27, 1
27, 2
27, 3
28, 1
28, 2
28, 3
29, 1
29, 2
29, 3
30, 1
30, 2
30, 3
31, 1
31, 2
31, 3
32, 1
32, 2
32, 3
33, 1
33, 2
33, 3
34, 1
34, 2
34, 3
35, 1
35, 2
35, 3
36, 1
36, 2
36, 3
37, 1
37, 2
37, 3
38, 1
38, 2
38, 3
39, 1
39, 2
39, 3
40, 1
40, 2
40, 3
41, 1
41, 2
41, 3
42, 1
42, 2
42, 3
43, 1
43, 2
43, 3
44, 1
44, 2
44, 3
45, 1
45, 2
45, 3
46, 1
46, 2
46, 3
47, 1
47, 2
47, 3
48, 1
48, 2
48, 3
49, 1
49, 2
49, 3
50, 1
50, 2
50, 3
51, 3
52, 3
53, 3
54, 3
55, 3
56, 3
57, 3
58, 3
59, 3
60, 3
61, 3
62, 3
63, 3
64, 3
65, 3
66, 3
67, 3
68, 3
69, 3
70, 3
71, 3
72, 3
73, 3
74, 3
75, 3
76, 3
77, 3
78, 3
79, 3
80, 3
81, 3
82, 3
83, 3
84, 3
85, 3
86, 3
87, 3
88, 3
89, 3
90, 3
91, 3
92, 3
93, 3
94, 3
95, 3
96, 3
97, 3
98, 3
99, 3
100, 3
101, 3
102, 3
103, 3
104, 3
105, 3
106, 3
107, 3
108, 3
109, 3
110, 3
111, 3
112, 3
113, 3
114, 3
115, 3
116, 3
117, 3
118, 3
119, 3
120, 3
121, 3
122, 3
123, 3
124, 3
125, 3
126, 3
127, 3
128, 3
129, 3
130, 3
131, 3
132, 3
133, 3
134, 3
135, 3
136, 3
137, 3
138, 3
139, 3
140, 3
141, 3
142, 3
143, 3
144, 3
145, 3
146, 3
147, 3
148, 3
149, 3
150, 3
151, 3
152, 3
153, 3
154, 3
155, 3
156, 3
157, 3
158, 3
159, 3
160, 3
161, 3
162, 3
163, 3
164, 3
165, 3
166, 3
167, 3
168, 3
169, 3
170, 3
171, 3
172, 3
173, 3
174, 3
175, 3
176, 3
177, 3
178, 3
179, 3
180, 3
181, 3
182, 3
183, 3
184, 3
185, 3
186, 3
187, 3
188, 3
189, 3
190, 3
191, 3
192, 3
193, 3
194, 3
195, 3
196, 3
197, 3
198, 3
199, 3
200, 3
201, 3
202, 3
203, 3
204, 3
205, 3
206, 3
207, 3
208, 3
209, 3
210, 3
211, 3
212, 3
213, 3
214, 3
215, 3
216, 3
217, 3
218, 3
219, 3
220, 3
221, 3
222, 3
223, 3
224, 3
225, 3
226, 3
227, 3
228, 3
229, 3
230, 3
231, 3
232, 3
233, 3
234, 3
235, 3
236, 3
237, 3
238, 3
239, 3
240, 3
241, 3
242, 3
243, 3
244, 3
245, 3
246, 3
247, 3
248, 3
249, 3
250, 3
251, 3
252, 3
253, 3
254, 3
255, 3
256, 3
257, 3
258, 3
259, 3
260, 3
261, 3
262, 3
263, 3
264, 3
265, 3
266, 3
267, 3
268, 3
269, 3
270, 3
271, 3
272, 3
273, 3
274, 3
275, 3
276, 3
277, 3
278, 3
279, 3
280, 3
281, 3
282, 3
283, 3
284, 3
285, 3
286, 3
287, 3
288, 3
289, 3
290, 3
291, 3
292, 3
293, 3
294, 3
295, 3
296, 3
297, 3
298, 3
299, 3
300, 3
301, 3
302, 3
303, 3
304, 3
305, 3
306, 3
307, 3
308, 3
309, 3
310, 3
311, 3
312, 3
313, 3
314, 3
315, 3
316, 3
317, 3
318, 3
319, 3
320, 3
321, 3
322, 3
323, 3
324, 3
325, 3
326, 3
327, 3
328, 3
329, 3
330, 3
331, 3
332, 3
333, 3
334, 3
335, 3
336, 3
337, 3
338, 3
339, 3
340, 3
341, 3
342, 3
343, 3
344, 3
345, 3
346, 3
347, 3
348, 3
349, 3
350, 3
351, 3
352, 3
353, 3
354, 3
355, 3
356, 3
357, 3
358, 3
359, 3
360, 3
361, 3
362, 3
363, 3
364, 3
365, 3
366, 3
367, 3
368, 3
369, 3
370, 3
371, 3
372, 3
373, 3
374, 3
375, 3
376, 3
377, 3
378, 3
379, 3
380, 3
381, 3
382, 3
383, 3
384, 3
385, 3
386, 3
387, 3
388, 3
389, 3
390, 3
391, 3
392, 3
393, 3
394, 3
395, 3
396, 3
397, 3
398, 3
399, 3
400, 3
401, 3
402, 3
403, 3
404, 3
405, 3
406, 3
407, 3
408, 3
409, 3
410, 3
411, 3
412, 3
413, 3
414, 3
415, 3
416, 3
417, 3
418, 3
419, 3
420, 3
421, 3
422, 3
423, 3
424, 3
425, 3
426, 3
427, 3
428, 3
429, 3
430, 3
431, 3
432, 3
433, 3
434, 3
435, 3
436, 3
437, 3
438, 3
439, 3
440, 3
441, 3
442, 3
443, 3
444, 3
445, 3
446, 3
447, 3
448, 3
449, 3
450, 3
451, 3
452, 3
453, 3
454, 3
455, 3
456, 3
457, 3
458, 3
459, 3
460, 3
461, 3
462, 3
463, 3
464, 3
465, 3
466, 3
467, 3
468, 3
469, 3
470, 3
471, 3
472, 3
473, 3
474, 3
475, 3
476, 3
477, 3
478, 3
479, 3
480, 3
481, 3
482, 3
483, 3
484, 3
485, 3
486, 3
487, 3
488, 3
489, 3
490, 3
491, 3
492, 3
493, 3
494, 3
495, 3
496, 3
497, 3
498, 3
499, 3
500, 3
501, 3
502, 3
503, 3
504, 3
505, 3
506, 3
507, 3
508, 3
509, 3
510, 3
511, 3
512, 3
513, 3
514, 3
515, 3
516, 3
517, 3
518, 3
519, 3
520, 3
521, 3
522, 3
523, 3
524, 3
525, 3
526, 3
527, 3
528, 3
529, 3
530, 3
531, 3
532, 3
533, 3
534, 3
535, 3
536, 3
537, 3
538, 3
539, 3
540, 3
541, 3
542, 3
543, 3
544, 3
545, 3
546, 3
547, 3
548, 3
549, 3
550, 3
551, 3
552, 3
553, 3
554, 3
555, 3
556, 3
557, 3
558, 3
559, 3
560, 3
561, 3
562, 3
563, 3
564, 3
565, 3
566, 3
567, 3
568, 3
569, 3
570, 3
571, 3
572, 3
573, 3
574, 3
575, 3
576, 3
577, 3
578, 3
579, 3
580, 3
581, 3
582, 3
583, 3
584, 3
585, 3
586, 3
587, 3
588, 3
589, 3
590, 3
591, 3
592, 3
593, 3
594, 3
595, 3
596, 3
597, 3
598, 3
599, 3
600, 3
601, 3
602, 3
603, 3
604, 3
605, 3
606, 3
607, 3
608, 3
609, 3
610, 3
611, 3
612, 3
613, 3
614, 3
615, 3
616, 3
617, 3
618, 3
619, 3
620, 3
621, 3
622, 3
623, 3
624, 3
625, 3
626, 3
627, 3
628, 3
629, 3
630, 3
631, 3
632, 3
633, 3
634, 3
635, 3
636, 3
637, 3
638, 3
639, 3
640, 3
641, 3
642, 3
643, 3
644, 3
645, 3
646, 3
647, 3
648, 3
649, 3
650, 3
651, 3
652, 3
653, 3
654, 3
655, 3
656, 3
657, 3
658, 3
659, 3
660, 3
661, 3
662, 3
663, 3
664, 3
665, 3
666, 3
667, 3
668, 3
669, 3
670, 3
671, 3
672, 3
673, 3
674, 3
675, 3
676, 3
677, 3
678, 3
679, 3
680, 3
681, 3
682, 3
683, 3
684, 3
685, 3
686, 3
687, 3
688, 3
689, 3
690, 3
691, 3
692, 3
693, 3
694, 3
695, 3
696, 3
697, 3
698, 3
699, 3
700, 3
701, 3
702, 3
703, 3
704, 3
705, 3
706, 3
707, 3
708, 3
709, 3
710, 3
711, 3
712, 3
713, 3
714, 3
715, 3
716, 3
717, 3
718, 3
719, 3
720, 3
721, 3
722, 3
723, 3
724, 3
725, 3
726, 3
727, 3
728, 3
729, 3
730, 3
731, 3
732, 3
733, 3
734, 3
735, 3
736, 3
737, 3
738, 3
739, 3
740, 3
741, 3
742, 3
743, 3
744, 3
745, 3
746, 3
747, 3
748, 3
749, 3
750, 3
751, 3
752, 3
753, 3
754, 3
755, 3
756, 3
757, 3
758, 3
759, 3
760, 3
761, 3
762, 3
763, 3
764, 3
765, 3
766, 3
767, 3
768, 3
769, 3
770, 3
771, 3
772, 3
773, 3
774, 3
775, 3
776, 3
777, 3
778, 3
779, 3
780, 3
781, 3
782, 3
783, 3
784, 3
785, 3
786, 3
787, 3
788, 3
789, 3
790, 3
791, 3
792, 3
793, 3
794, 3
795, 3
796, 3
797, 3
798, 3
799, 3
800, 3
801, 3
802, 3
803, 3
804, 3
805, 3
806, 3
807, 3
808, 3
809, 3
810, 3
811, 3
812, 3
813, 3
814, 3
815, 3
816, 3
817, 3
818, 3
819, 3
820, 3
821, 3
822, 3
823, 3
824, 3
825, 3
826, 3
827, 3
828, 3
829, 3
830, 3
831, 3
832, 3
833, 3
834, 3
835, 3
836, 3
837, 3
838, 3
839, 3
840, 3
841, 3
842, 3
843, 3
844, 3
845, 3
846, 3
847, 3
848, 3
849, 3
850, 3
851, 3
852, 3
853, 3
854, 3
855, 3
856, 3
857, 3
858, 3
859, 3
860, 3
861, 3
862, 3
863, 3
864, 3
865, 3
866, 3
867, 3
868, 3
869, 3
870, 3
871, 3
872, 3
873, 3
874, 3
875, 3
876, 3
877, 3
878, 3
879, 3
880, 3
881, 3
882, 3
883, 3
884, 3
885, 3
886, 3
887, 3
888, 3
889, 3
890, 3
891, 3
892, 3
893, 3
894, 3
895, 3
896, 3
897, 3
898, 3
899, 3
900, 3
901, 3
902, 3
903, 3
904, 3
905, 3
906, 3
907, 3
908, 3
909, 3
910, 3
911, 3
912, 3
913, 3
914, 3
915, 3
916, 3
917, 3
918, 3
919, 3
920, 3
921, 3
922, 3
923, 3
924, 3
925, 3
926, 3
927, 3
928, 3
929, 3
930, 3
931, 3
932, 3
933, 3
934, 3
935, 3
936, 3
937, 3
938, 3
939, 3
940, 3
941, 3
942, 3
943, 3
944, 3
945, 3
946, 3
947, 3
948, 3
949, 3
950, 3
951, 3
952, 3
953, 3
954, 3
955, 3
956, 3
957, 3
958, 3
959, 3
960, 3
961, 3
962, 3
963, 3
964, 3
965, 3
966, 3
967, 3
968, 3
969, 3
970, 3
971, 3
972, 3
973, 3
974, 3
975, 3
976, 3
977, 3
978, 3
979, 3
980, 3
981, 3
982, 3
983, 3
984, 3
985, 3
986, 3
987, 3
988, 3
989, 3
990, 3
991, 3
992, 3
993, 3
994, 3
995, 3
996, 3
997, 3
998, 3
999, 3
1000, 3
1001, 3
1002, 3
1003, 3
1004, 3
1005, 3
1006, 3
1007, 3
1008, 3
1009, 3
1010, 3
1011, 3
1012, 3
1013, 3
1014, 3
1015, 3
1016, 3
1017, 3
1018, 3
1019, 3
1020, 3
1021, 3
1022, 3
1023, 3
1024, 3
1025, 3
1026, 3
1027, 3
1028, 3
1029, 3
1030, 3
1031, 3
1032, 3
1033, 3
1034, 3
1035, 3
1036, 3
1037, 3
1038, 3
1039, 3
1040, 3
1041, 3
1042, 3
1043, 3
1044, 3
1045, 3
1046, 3
1047, 3
1048, 3
1049, 3
1050, 3
1051, 3
1052, 3
1053, 3
1054, 3
1055, 3
1056, 3
1057, 3
1058, 3
1059, 3
1060, 3
1061, 3
1062, 3
1063, 3
1064, 3
1065, 3
1066, 3
1067, 3
1068, 3
1069, 3
1070, 3
1071, 3
1072, 3
1073, 3
1074, 3
1075, 3
1076, 3
1077, 3
1078, 3
1079, 3
1080, 3
1081, 3
1082, 3
1083, 3
1084, 3
1085, 3
1086, 3
1087, 3
1088, 3
1089, 3
1090, 3
1091, 3
1092, 3
1093, 3
1094, 3
1095, 3
1096, 3
1097, 3
1098, 3
1099, 3
1100, 3
1101, 3
1102, 3
1103, 3
1104, 3
1105, 3
1106, 3
1107, 3
1108, 3
1109, 3
1110, 3
1111, 3
1112, 3
1113, 3
1114, 3
1115, 3
1116, 3
1117, 3
1118, 3
1119, 3
1120, 3
1121, 3
1122, 3
1123, 3
1124, 3
1125, 3
1126, 3
1127, 3
1128, 3
1129, 3
1130, 3
1131, 3
1132, 3
1133, 3
1134, 3
1135, 3
1136, 3
1137, 3
1138, 3
1139, 3
1140, 3
1141, 3
1142, 3
1143, 3
1144, 3
1145, 3
1146, 3
1147, 3
1148, 3
1149, 3
1150, 3
1151, 3
1152, 3
1153, 3
1154, 3
1155, 3
1156, 3
1157, 3
1158, 3
1159, 3
1160, 3
1161, 3
1162, 3
1163, 3
1164, 3
1165, 3
1166, 3
1167, 3
1168, 3
1169, 3
1170, 3
1171, 3
1172, 3
1173, 3
1174, 3
1175, 3
1176, 3
1177, 3
1178, 3
1179, 3
1180, 3
1181, 3
1182, 3
1183, 3
1184, 3
1185, 3
1186, 3
1187, 3
1188, 3
1189, 3
1190, 3
1191, 3
1192, 3
1193, 3
1194, 3
1195, 3
1196, 3
1197, 3
1198, 3
1199, 3
1200, 3
1201, 3
1202, 3
1203, 3
1204, 3
1205, 3
1206, 3
1207, 3
1208, 3
1209, 3
1210, 3
1211, 3
1212, 3
1213, 3
1214, 3
1215, 3
1216, 3
1217, 3
1218, 3
1219, 3
1220, 3
1221, 3
1222, 3
1223, 3
1224, 3
1225, 3
1226, 3
1227, 3
1228, 3
1229, 3
1230, 3
1231, 3
1232, 3
1233, 3
1234, 3
1235, 3
1236, 3
1237, 3
1238, 3
1239, 3
1240, 3
1241, 3
1242, 3
1243, 3
1244, 3
1245, 3
1246, 3
1247, 3
1248, 3
1249, 3
1250, 3
1251, 3
1252, 3
1253, 3
1254, 3
1255, 3
1256, 3
1257, 3
1258, 3
1259, 3
1260, 3
1261, 3
1262, 3
1263, 3
1264, 3
1265, 3
1266, 3
1267, 3
1268, 3
1269, 3
1270, 3
1271, 3
1272, 3
1273, 3
1274, 3
1275, 3
0, 0
0, 0, 0
10, 0, 0
20, 0, 0
30, 0, 0
40, 0, 0
50, 0, 0
60, 0, 0
70, 0, 0
80, 0, 0
90, 0, 0
100, 0, 0
110, 0, 0
120, 0, 0
130, 0, 0
140, 0, 0
150, 0, 0
160, 0, 0
170, 0, 0
180, 0, 0
190, 0, 0
200, 0, 0
210, 0, 0
220, 0, 0
230, 0, 0
240, 0, 0
250, 0, 0
260, 0, 0
270, 0, 0
280, 0, 0
290, 0, 0
300, 0, 0
310, 0, 0
320, 0, 0
330, 0, 0
340, 0, 0
350, 0, 0
360, 0, 0
370, 0, 0
380, 0, 0
390, 0, 0
400, 0, 0
410, 0, 0
420, 0, 0
430, 0, 0
440, 0, 0
450, 0, 0
460, 0, 0
470, 0, 0
480, 0, 0
490, 0, 0
5, 5, 0
15, 5, 0
25, 5, 0
35, 5, 0
45, 5, 0
55, 5, 0
65, 5, 0
75, 5, 0
85, 5, 0
95, 5, 0
105, 5, 0
115, 5, 0
125, 5, 0
135, 5, 0
145, 5, 0
155, 5, 0
165, 5, 0
175, 5, 0
185, 5, 0
195, 5, 0
205, 5, 0
215, 5, 0
225, 5, 0
235, 5, 0
245, 5, 0
255, 5, 0
265, 5, 0
275, 5, 0
285, 5, 0
295, 5, 0
305, 5, 0
315, 5, 0
325, 5, 0
335, 5, 0
345, 5, 0
355, 5, 0
365, 5, 0
375, 5, 0
385, 5, 0
395, 5, 0
405, 5, 0
415, 5, 0
425, 5, 0
435, 5, 0
445, 5, 0
455, 5, 0
465, 5, 0
475, 5, 0
485, 5, 0
10, 10, 0
20, 10, 0
30, 10, 0
40, 10, 0
50, 10, 0
60, 10, 0
70, 10, 0
80, 10, 0
90, 10, 0
100, 10, 0
110, 10, 0
120, 10, 0
130, 10, 0
140, 10, 0
150, 10, 0
160, 10, 0
170, 10, 0
180, 10, 0
190, 10, 0
200, 10, 0
210, 10, 0
220, 10, 0
230, 10, 0
240, 10, 0
250, 10, 0
260, 10, 0
270, 10, 0
280, 10, 0
290, 10, 0
300, 10, 0
310, 10, 0
320, 10, 0
330, 10, 0
340, 10, 0
350, 10, 0
360, 10, 0
370, 10, 0
380, 10, 0
390, 10, 0
400, 10, 0
410, 10, 0
420, 10, 0
430, 10, 0
440, 10, 0
450, 10, 0
460, 10, 0
470, 10, 0
480, 10, 0
15, 15, 0
25, 15, 0
35, 15, 0
45, 15, 0
55, 15, 0
65, 15, 0
75, 15, 0
85, 15, 0
95, 15, 0
105, 15, 0
115, 15, 0
125, 15, 0
135, 15, 0
145, 15, 0
155, 15, 0
165, 15, 0
175, 15, 0
185, 15, 0
195, 15, 0
205, 15, 0
215, 15, 0
225, 15, 0
235, 15, 0
245, 15, 0
255, 15, 0
265, 15, 0
275, 15, 0
285, 15, 0
295, 15, 0
305, 15, 0
315, 15, 0
325, 15, 0
335, 15, 0
345, 15, 0
355, 15, 0
365, 15, 0
375, 15, 0
385, 15, 0
395, 15, 0
405, 15, 0
415, 15, 0
425, 15, 0
435, 15, 0
445, 15, 0
455, 15, 0
465, 15, 0
475, 15, 0
20, 20, 0
30, 20, 0
40, 20, 0
50, 20, 0
60, 20, 0
70, 20, 0
80, 20, 0
90, 20, 0
100, 20, 0
110, 20, 0
120, 20, 0
130, 20, 0
140, 20, 0
150, 20, 0
160, 20, 0
170, 20, 0
180, 20, 0
190, 20, 0
200, 20, 0
210, 20, 0
220, 20, 0
230, 20, 0
240, 20, 0
250, 20, 0
260, 20, 0
270, 20, 0
280, 20, 0
290, 20, 0
300, 20, 0
310, 20, 0
320, 20, 0
330, 20, 0
340, 20, 0
350, 20, 0
360, 20, 0
370, 20, 0
380, 20, 0
390, 20, 0
400, 20, 0
410, 20, 0
420, 20, 0
430, 20, 0
440, 20, 0
450, 20, 0
460, 20, 0
470, 20, 0
25, 25, 0
35, 25, 0
45, 25, 0
55, 25, 0
65, 25, 0
75, 25, 0
85, 25, 0
95, 25, 0
105, 25, 0
115, 25, 0
125, 25, 0
135, 25, 0
145, 25, 0
155, 25, 0
165, 25, 0
175, 25, 0
185, 25, 0
195, 25, 0
205, 25, 0
215, 25, 0
225, 25, 0
235, 25, 0
245, 25, 0
255, 25, 0
265, 25, 0
275, 25, 0
285, 25, 0
295, 25, 0
305, 25, 0
315, 25, 0
325, 25, 0
335, 25, 0
345, 25, 0
355, 25, 0
365, 25, 0
375, 25, 0
385, 25, 0
395, 25, 0
405, 25, 0
415, 25, 0
425, 25, 0
435, 25, 0
445, 25, 0
455, 25, 0
465, 25, 0
30, 30, 0
40, 30, 0
50, 30, 0
60, 30, 0
70, 30, 0
80, 30, 0
90, 30, 0
100, 30, 0
110, 30, 0
120, 30, 0
130, 30, 0
140, 30, 0
150, 30, 0
160, 30, 0
170, 30, 0
180, 30, 0
190, 30, 0
200, 30, 0
210, 30, 0
220, 30, 0
230, 30, 0
240, 30, 0
250, 30, 0
260, 30, 0
270, 30, 0
280, 30, 0
290, 30, 0
300, 30, 0
310, 30, 0
320, 30, 0
330, 30, 0
340, 30, 0
350, 30, 0
360, 30, 0
370, 30, 0
380, 30, 0
390, 30, 0
400, 30, 0
410, 30, 0
420, 30, 0
430, 30, 0
440, 30, 0
450, 30, 0
460, 30, 0
35, 35, 0
45, 35, 0
55, 35, 0
65, 35, 0
75, 35, 0
85, 35, 0
95, 35, 0
105, 35, 0
115, 35, 0
125, 35, 0
135, 35, 0
145, 35, 0
155, 35, 0
165, 35, 0
175, 35, 0
185, 35, 0
195, 35, 0
205, 35, 0
215, 35, 0
225, 35, 0
235, 35, 0
245, 35, 0
255, 35, 0
265, 35, 0
275, 35, 0
285, 35, 0
295, 35, 0
305, 35, 0
315, 35, 0
325, 35, 0
335, 35, 0
345, 35, 0
355, 35, 0
365, 35, 0
375, 35, 0
385, 35, 0
395, 35, 0
405, 35, 0
415, 35, 0
425, 35, 0
435, 35, 0
445, 35, 0
455, 35, 0
40, 40, 0
50, 40, 0
60, 40, 0
70, 40, 0
80, 40, 0
90, 40, 0
100, 40, 0
110, 40, 0
120, 40, 0
130, 40, 0
140, 40, 0
150, 40, 0
160, 40, 0
170, 40, 0
180, 40, 0
190, 40, 0
200, 40, 0
210, 40, 0
220, 40, 0
230, 40, 0
240, 40, 0
250, 40, 0
260, 40, 0
270, 40, 0
280, 40, 0
290, 40, 0
300, 40, 0
310, 40, 0
320, 40, 0
330, 40, 0
340, 40, 0
350, 40, 0
360, 40, 0
370, 40, 0
380, 40, 0
390, 40, 0
400, 40, 0
410, 40, 0
420, 40, 0
430, 40, 0
440, 40, 0
450, 40, 0
45, 45, 0
55, 45, 0
65, 45, 0
75, 45, 0
85, 45, 0
95, 45, 0
105, 45, 0
115, 45, 0
125, 45, 0
135, 45, 0
145, 45, 0
155, 45, 0
165, 45, 0
175, 45, 0
185, 45, 0
195, 45, 0
205, 45, 0
215, 45, 0
225, 45, 0
235, 45, 0
245, 45, 0
255, 45, 0
265, 45, 0
275, 45, 0
285, 45, 0
295, 45, 0
305, 45, 0
315, 45, 0
325, 45, 0
335, 45, 0
345, 45, 0
355, 45, 0
365, 45, 0
375, 45, 0
385, 45, 0
395, 45, 0
405, 45, 0
415, 45, 0
425, 45, 0
435, 45, 0
445, 45, 0
50, 50, 0
60, 50, 0
70, 50, 0
80, 50, 0
90, 50, 0
100, 50, 0
110, 50, 0
120, 50, 0
130, 50, 0
140, 50, 0
150, 50, 0
160, 50, 0
170, 50, 0
180, 50, 0
190, 50, 0
200, 50, 0
210, 50, 0
220, 50, 0
230, 50, 0
240, 50, 0
250, 50, 0
260, 50, 0
270, 50, 0
280, 50, 0
290, 50, 0
300, 50, 0
310, 50, 0
320, 50, 0
330, 50, 0
340, 50, 0
350, 50, 0
360, 50, 0
370, 50, 0
380, 50, 0
390, 50, 0
400, 50, 0
410, 50, 0
420, 50, 0
430, 50, 0
440, 50, 0
55, 55, 0
65, 55, 0
75, 55, 0
85, 55, 0
95, 55, 0
105, 55, 0
115, 55, 0
125, 55, 0
135, 55, 0
145, 55, 0
155, 55, 0
165, 55, 0
175, 55, 0
185, 55, 0
195, 55, 0
205, 55, 0
215, 55, 0
225, 55, 0
235, 55, 0
245, 55, 0
255, 55, 0
265, 55, 0
275, 55, 0
285, 55, 0
295, 55, 0
305, 55, 0
315, 55, 0
325, 55, 0
335, 55, 0
345, 55, 0
355, 55, 0
365, 55, 0
375, 55, 0
385, 55, 0
395, 55, 0
405, 55, 0
415, 55, 0
425, 55, 0
435, 55, 0
60, 60, 0
70, 60, 0
80, 60, 0
90, 60, 0
100, 60, 0
110, 60, 0
120, 60, 0
130, 60, 0
140, 60, 0
150, 60, 0
160, 60, 0
170, 60, 0
180, 60, 0
190, 60, 0
200, 60, 0
210, 60, 0
220, 60, 0
230, 60, 0
240, 60, 0
250, 60, 0
260, 60, 0
270, 60, 0
280, 60, 0
290, 60, 0
300, 60, 0
310, 60, 0
320, 60, 0
330, 60, 0
340, 60, 0
350, 60, 0
360, 60, 0
370, 60, 0
380, 60, 0
390, 60, 0
400, 60, 0
410, 60, 0
420, 60, 0
430, 60, 0
65, 65, 0
75, 65, 0
85, 65, 0
95, 65, 0
105, 65, 0
115, 65, 0
125, 65, 0
135, 65, 0
145, 65, 0
155, 65, 0
165, 65, 0
175, 65, 0
185, 65, 0
195, 65, 0
205, 65, 0
215, 65, 0
225, 65, 0
235, 65, 0
245, 65, 0
255, 65, 0
265, 65, 0
275, 65, 0
285, 65, 0
295, 65, 0
305, 65, 0
315, 65, 0
325, 65, 0
335, 65, 0
345, 65, 0
355, 65, 0
365, 65, 0
375, 65, 0
385, 65, 0
395, 65, 0
405, 65, 0
415, 65, 0
425, 65, 0
70, 70, 0
80, 70, 0
90, 70, 0
100, 70, 0
110, 70, 0
120, 70, 0
130, 70, 0
140, 70, 0
150, 70, 0
160, 70, 0
170, 70, 0
180, 70, 0
190, 70, 0
200, 70, 0
210, 70, 0
220, 70, 0
230, 70, 0
240, 70, 0
250, 70, 0
260, 70, 0
270, 70, 0
280, 70, 0
290, 70, 0
300, 70, 0
310, 70, 0
320, 70, 0
330, 70, 0
340, 70, 0
350, 70, 0
360, 70, 0
370, 70, 0
380, 70, 0
390, 70, 0
400, 70, 0
410, 70, 0
420, 70, 0
75, 75, 0
85, 75, 0
95, 75, 0
105, 75, 0
115, 75, 0
125, 75, 0
135, 75, 0
145, 75, 0
155, 75, 0
165, 75, 0
175, 75, 0
185, 75, 0
195, 75, 0
205, 75, 0
215, 75, 0
225, 75, 0
235, 75, 0
245, 75, 0
255, 75, 0
265, 75, 0
275, 75, 0
285, 75, 0
295, 75, 0
305, 75, 0
315, 75, 0
325, 75, 0
335, 75, 0
345, 75, 0
355, 75, 0
365, 75, 0
375, 75, 0
385, 75, 0
395, 75, 0
405, 75, 0
415, 75, 0
80, 80, 0
90, 80, 0
100, 80, 0
110, 80, 0
120, 80, 0
130, 80, 0
140, 80, 0
150, 80, 0
160, 80, 0
170, 80, 0
180, 80, 0
190, 80, 0
200, 80, 0
210, 80, 0
220, 80, 0
230, 80, 0
240, 80, 0
250, 80, 0
260, 80, 0
270, 80, 0
280, 80, 0
290, 80, 0
300, 80, 0
310, 80, 0
320, 80, 0
330, 80, 0
340, 80, 0
350, 80, 0
360, 80, 0
370, 80, 0
380, 80, 0
390, 80, 0
400, 80, 0
410, 80, 0
85, 85, 0
95, 85, 0
105, 85, 0
115, 85, 0
125, 85, 0
135, 85, 0
145, 85, 0
155, 85, 0
165, 85, 0
175, 85, 0
185, 85, 0
195, 85, 0
205, 85, 0
215, 85, 0
225, 85, 0
235, 85, 0
245, 85, 0
255, 85, 0
265, 85, 0
275, 85, 0
285, 85, 0
295, 85, 0
305, 85, 0
315, 85, 0
325, 85, 0
335, 85, 0
345, 85, 0
355, 85, 0
365, 85, 0
375, 85, 0
385, 85, 0
395, 85, 0
405, 85, 0
90, 90, 0
100, 90, 0
110, 90, 0
120, 90, 0
130, 90, 0
140, 90, 0
150, 90, 0
160, 90, 0
170, 90, 0
180, 90, 0
190, 90, 0
200, 90, 0
210, 90, 0
220, 90, 0
230, 90, 0
240, 90, 0
250, 90, 0
260, 90, 0
270, 90, 0
280, 90, 0
290, 90, 0
300, 90, 0
310, 90, 0
320, 90, 0
330, 90, 0
340, 90, 0
350, 90, 0
360, 90, 0
370, 90, 0
380, 90, 0
390, 90, 0
400, 90, 0
95, 95, 0
105, 95, 0
115, 95, 0
125, 95, 0
135, 95, 0
145, 95, 0
155, 95, 0
165, 95, 0
175, 95, 0
185, 95, 0
195, 95, 0
205, 95, 0
215, 95, 0
225, 95, 0
235, 95, 0
245, 95, 0
255, 95, 0
265, 95, 0
275, 95, 0
285, 95, 0
295, 95, 0
305, 95, 0
315, 95, 0
325, 95, 0
335, 95, 0
345, 95, 0
355, 95, 0
365, 95, 0
375, 95, 0
385, 95, 0
395, 95, 0
100, 100, 0
110, 100, 0
120, 100, 0
130, 100, 0
140, 100, 0
150, 100, 0
160, 100, 0
170, 100, 0
180, 100, 0
190, 100, 0
200, 100, 0
210, 100, 0
220, 100, 0
230, 100, 0
240, 100, 0
250, 100, 0
260, 100, 0
270, 100, 0
280, 100, 0
290, 100, 0
300, 100, 0
310, 100, 0
320, 100, 0
330, 100, 0
340, 100, 0
350, 100, 0
360, 100, 0
370, 100, 0
380, 100, 0
390, 100, 0
105, 105, 0
115, 105, 0
125, 105, 0
135, 105, 0
145, 105, 0
155, 105, 0
165, 105, 0
175, 105, 0
185, 105, 0
195, 105, 0
205, 105, 0
215, 105, 0
225, 105, 0
235, 105, 0
245, 105, 0
255, 105, 0
265, 105, 0
275, 105, 0
285, 105, 0
295, 105, 0
305, 105, 0
315, 105, 0
325, 105, 0
335, 105, 0
345, 105, 0
355, 105, 0
365, 105, 0
375, 105, 0
385, 105, 0
110, 110, 0
120, 110, 0
130, 110, 0
140, 110, 0
150, 110, 0
160, 110, 0
170, 110, 0
180, 110, 0
190, 110, 0
200, 110, 0
210, 110, 0
220, 110, 0
230, 110, 0
240, 110, 0
250, 110, 0
260, 110, 0
270, 110, 0
280, 110, 0
290, 110, 0
300, 110, 0
310, 110, 0
320, 110, 0
330, 110, 0
340, 110, 0
350, 110, 0
360, 110, 0
370, 110, 0
380, 110, 0
115, 115, 0
125, 115, 0
135, 115, 0
145, 115, 0
155, 115, 0
165, 115, 0
175, 115, 0
185, 115, 0
195, 115, 0
205, 115, 0
215, 115, 0
225, 115, 0
235, 115, 0
245, 115, 0
255, 115, 0
265, 115, 0
275, 115, 0
285, 115, 0
295, 115, 0
305, 115, 0
315, 115, 0
325, 115, 0
335, 115, 0
345, 115, 0
355, 115, 0
365, 115, 0
375, 115, 0
120, 120, 0
130, 120, 0
140, 120, 0
150, 120, 0
160, 120, 0
170, 120, 0
180, 120, 0
190, 120, 0
200, 120, 0
210, 120, 0
220, 120, 0
230, 120, 0
240, 120, 0
250, 120, 0
260, 120, 0
270, 120, 0
280, 120, 0
290, 120, 0
300, 120, 0
310, 120, 0
320, 120, 0
330, 120, 0
340, 120, 0
350, 120, 0
360, 120, 0
370, 120, 0
125, 125, 0
135, 125, 0
145, 125, 0
155, 125, 0
165, 125, 0
175, 125, 0
185, 125, 0
195, 125, 0
205, 125, 0
215, 125, 0
225, 125, 0
235, 125, 0
245, 125, 0
255, 125, 0
265, 125, 0
275, 125, 0
285, 125, 0
295, 125, 0
305, 125, 0
315, 125, 0
325, 125, 0
335, 125, 0
345, 125, 0
355, 125, 0
365, 125, 0
130, 130, 0
140, 130, 0
150, 130, 0
160, 130, 0
170, 130, 0
180, 130, 0
190, 130, 0
200, 130, 0
210, 130, 0
220, 130, 0
230, 130, 0
240, 130, 0
250, 130, 0
260, 130, 0
270, 130, 0
280, 130, 0
290, 130, 0
300, 130, 0
310, 130, 0
320, 130, 0
330, 130, 0
340, 130, 0
350, 130, 0
360, 130, 0
135, 135, 0
145, 135, 0
155, 135, 0
165, 135, 0
175, 135, 0
185, 135, 0
195, 135, 0
205, 135, 0
215, 135, 0
225, 135, 0
235, 135, 0
245, 135, 0
255, 135, 0
265, 135, 0
275, 135, 0
285, 135, 0
295, 135, 0
305, 135, 0
315, 135, 0
325, 135, 0
335, 135, 0
345, 135, 0
355, 135, 0
140, 140, 0
150, 140, 0
160, 140, 0
170, 140, 0
180, 140, 0
190, 140, 0
200, 140, 0
210, 140, 0
220, 140, 0
230, 140, 0
240, 140, 0
250, 140, 0
260, 140, 0
270, 140, 0
280, 140, 0
290, 140, 0
300, 140, 0
310, 140, 0
320, 140, 0
330, 140, 0
340, 140, 0
350, 140, 0
145, 145, 0
155, 145, 0
165, 145, 0
175, 145, 0
185, 145, 0
195, 145, 0
205, 145, 0
215, 145, 0
225, 145, 0
235, 145, 0
245, 145, 0
255, 145, 0
265, 145, 0
275, 145, 0
285, 145, 0
295, 145, 0
305, 145, 0
315, 145, 0
325, 145, 0
335, 145, 0
345, 145, 0
150, 150, 0
160, 150, 0
170, 150, 0
180, 150, 0
190, 150, 0
200, 150, 0
210, 150, 0
220, 150, 0
230, 150, 0
240, 150, 0
250, 150, 0
260, 150, 0
270, 150, 0
280, 150, 0
290, 150, 0
300, 150, 0
310, 150, 0
320, 150, 0
330, 150, 0
340, 150, 0
155, 155, 0
165, 155, 0
175, 155, 0
185, 155, 0
195, 155, 0
205, 155, 0
215, 155, 0
225, 155, 0
235, 155, 0
245, 155, 0
255, 155, 0
265, 155, 0
275, 155, 0
285, 155, 0
295, 155, 0
305, 155, 0
315, 155, 0
325, 155, 0
335, 155, 0
160, 160, 0
170, 160, 0
180, 160, 0
190, 160, 0
200, 160, 0
210, 160, 0
220, 160, 0
230, 160, 0
240, 160, 0
250, 160, 0
260, 160, 0
270, 160, 0
280, 160, 0
290, 160, 0
300, 160, 0
310, 160, 0
320, 160, 0
330, 160, 0
165, 165, 0
175, 165, 0
185, 165, 0
195, 165, 0
205, 165, 0
215, 165, 0
225, 165, 0
235, 165, 0
245, 165, 0
255, 165, 0
265, 165, 0
275, 165, 0
285, 165, 0
295, 165, 0
305, 165, 0
315, 165, 0
325, 165, 0
170, 170, 0
180, 170, 0
190, 170, 0
200, 170, 0
210, 170, 0
220, 170, 0
230, 170, 0
240, 170, 0
250, 170, 0
260, 170, 0
270, 170, 0
280, 170, 0
290, 170, 0
300, 170, 0
310, 170, 0
320, 170, 0
175, 175, 0
185, 175, 0
195, 175, 0
205, 175, 0
215, 175, 0
225, 175, 0
235, 175, 0
245, 175, 0
255, 175, 0
265, 175, 0
275, 175, 0
285, 175, 0
295, 175, 0
305, 175, 0
315, 175, 0
180, 180, 0
190, 180, 0
200, 180, 0
210, 180, 0
220, 180, 0
230, 180, 0
240, 180, 0
250, 180, 0
260, 180, 0
270, 180, 0
280, 180, 0
290, 180, 0
300, 180, 0
310, 180, 0
185, 185, 0
195, 185, 0
205, 185, 0
215, 185, 0
225, 185, 0
235, 185, 0
245, 185, 0
255, 185, 0
265, 185, 0
275, 185, 0
285, 185, 0
295, 185, 0
305, 185, 0
190, 190, 0
200, 190, 0
210, 190, 0
220, 190, 0
230, 190, 0
240, 190, 0
250, 190, 0
260, 190, 0
270, 190, 0
280, 190, 0
290, 190, 0
300, 190, 0
195, 195, 0
205, 195, 0
215, 195, 0
225, 195, 0
235, 195, 0
245, 195, 0
255, 195, 0
265, 195, 0
275, 195, 0
285, 195, 0
295, 195, 0
200, 200, 0
210, 200, 0
220, 200, 0
230, 200, 0
240, 200, 0
250, 200, 0
260, 200, 0
270, 200, 0
280, 200, 0
290, 200, 0
205, 205, 0
215, 205, 0
225, 205, 0
235, 205, 0
245, 205, 0
255, 205, 0
265, 205, 0
275, 205, 0
285, 205, 0
210, 210, 0
220, 210, 0
230, 210, 0
240, 210, 0
250, 210, 0
260, 210, 0
270, 210, 0
280, 210, 0
215, 215, 0
225, 215, 0
235, 215, 0
245, 215, 0
255, 215, 0
265, 215, 0
275, 215, 0
220, 220, 0
230, 220, 0
240, 220, 0
250, 220, 0
260, 220, 0
270, 220, 0
225, 225, 0
235, 225, 0
245, 225, 0
255, 225, 0
265, 225, 0
230, 230, 0
240, 230, 0
250, 230, 0
260, 230, 0
235, 235, 0
245, 235, 0
255, 235, 0
240, 240, 0
250, 240, 0
245, 245, 0
1, 29000
1, 29000
1, 29000
1, 29000
1, 29000
1, 29000
1, 29000
1, 29000
1, 29000
1, 29000
1, 29000
1, 29000
1, 29000
1, 29000
1, 29000
1, 29000
1, 29000
1, 29000
1, 29000
1, 29000
1, 29000
1, 29000
1, 29000
1, 29000
1, 29000
1, 29000
1, 29000
1, 29000
1, 29000
1, 29000
1, 29000
1, 29000
1, 29000
1, 29000
1, 29000
1, 29000
1, 29000
1, 29000
1, 29000
1, 29000
1, 29000
1, 29000
1, 29000
1, 29000
1, 29000
1, 29000
1, 29000
1, 29000
1, 29000
1, 29000
1, 29000
1, 29000
1, 29000
1, 29000
1, 29000
1, 29000
1, 29000
1, 29000
1, 29000
1, 29000
1, 29000
1, 29000
1, 29000
1, 29000
1, 29000
1, 29000
1, 29000
1, 29000
1, 29000
1, 29000
1, 29000
1, 29000
1, 29000
1, 29000
1, 29000
1, 29000
1, 29000
1, 29000
1, 29000
1, 29000
1, 29000
1, 29000
1, 29000
1, 29000
1, 29000
1, 29000
1, 29000
1, 29000
1, 29000
1, 29000
1, 29000
1, 29000
1, 29000
1, 29000
1, 29000
1, 29000
1, 29000
1, 29000
1, 29000
1, 29000
1, 29000
1, 29000
1, 29000
1, 29000
1, 29000
1, 29000
1, 29000
1, 29000
1, 29000
1, 29000
1, 29000
1, 29000
1, 29000
1, 29000
1, 29000
1, 29000
1, 29000
1, 29000
1, 29000
1, 29000
1, 29000
1, 29000
1, 29000
1, 29000
1, 29000
1, 29000
1, 29000
1, 29000
1, 29000
1, 29000
1, 29000
1, 29000
1, 29000
1, 29000
1, 29000
1, 29000
1, 29000
1, 29000
1, 29000
1, 29000
1, 29000
1, 29000
1, 29000
1, 29000
1, 29000
1, 29000
1, 29000
1, 29000
1, 29000
1, 29000
1, 29000
1, 29000
1, 29000
1, 29000
1, 29000
1, 29000
1, 29000
1, 29000
1, 29000
1, 29000
1, 29000
1, 29000
1, 29000
1, 29000
1, 29000
1, 29000
1, 29000
1, 29000
1, 29000
1, 29000
1, 29000
1, 29000
1, 29000
1, 29000
1, 29000
1, 29000
1, 29000
1, 29000
1, 29000
1, 29000
1, 29000
1, 29000
1, 29000
1, 29000
1, 29000
1, 29000
1, 29000
1, 29000
1, 29000
1, 29000
1, 29000
1, 29000
1, 29000
1, 29000
1, 29000
1, 29000
1, 29000
1, 29000
1, 29000
1, 29000
1, 29000
1, 29000
1, 29000
1, 29000
1, 29000
1, 29000
1, 29000
1, 29000
1, 29000
1, 29000
1, 29000
1, 29000
1, 29000
1, 29000
1, 29000
1, 29000
1, 29000
1, 29000
1, 29000
1, 29000
1, 29000
1, 29000
1, 29000
1, 29000
1, 29000
1, 29000
1, 29000
1, 29000
1, 29000
1, 29000
1, 29000
1, 29000
1, 29000
1, 29000
1, 29000
1, 29000
1, 29000
1, 29000
1, 29000
1, 29000
1, 29000
1, 29000
1, 29000
1, 29000
1, 29000
1, 29000
1, 29000
1, 29000
1, 29000
1, 29000
1, 29000
1, 29000
1, 29000
1, 29000
1, 29000
1, 29000
1, 29000
1, 29000
1, 29000
1, 29000
1, 29000
1, 29000
1, 29000
1, 29000
1, 29000
1, 29000
1, 29000
1, 29000
1, 29000
1, 29000
1, 29000
1, 29000
1, 29000
1, 29000
1, 29000
1, 29000
1, 29000
1, 29000
1, 29000
1, 29000
1, 29000
1, 29000
1, 29000
1, 29000
1, 29000
1, 29000
1, 29000
1, 29000
1, 29000
1, 29000
1, 29000
1, 29000
1, 29000
1, 29000
1, 29000
1, 29000
1, 29000
1, 29000
1, 29000
1, 29000
1, 29000
1, 29000
1, 29000
1, 29000
1, 29000
1, 29000
1, 29000
1, 29000
1, 29000
1, 29000
1, 29000
1, 29000
1, 29000
1, 29000
1, 29000
1, 29000
1, 29000
1, 29000
1, 29000
1, 29000
1, 29000
1, 29000
1, 29000
1, 29000
1, 29000
1, 29000
1, 29000
1, 29000
1, 29000
1, 29000
1, 29000
1, 29000
1, 29000
1, 29000
1, 29000
1, 29000
1, 29000
1, 29000
1, 29000
1, 29000
1, 29000
1, 29000
1, 29000
1, 29000
1, 29000
1, 29000
1, 29000
1, 29000
1, 29000
1, 29000
1, 29000
1, 29000
1, 29000
1, 29000
1, 29000
1, 29000
1, 29000
1, 29000
1, 29000
1, 29000
1, 29000
1, 29000
1, 29000
1, 29000
1, 29000
1, 29000
1, 29000
1, 29000
1, 29000
1, 29000
1, 29000
1, 29000
1, 29000
1, 29000
1, 29000
1, 29000
1, 29000
1, 29000
1, 29000
1, 29000
1, 29000
1, 29000
1, 29000
1, 29000
1, 29000
1, 29000
1, 29000
1, 29000
1, 29000
1, 29000
1, 29000
1, 29000
1, 29000
1, 29000
1, 29000
1, 29000
1, 29000
1, 29000
1, 29000
1, 29000
1, 29000
1, 29000
1, 29000
1, 29000
1, 29000
1, 29000
1, 29000
1, 29000
1, 29000
1, 29000
1, 29000
1, 29000
1, 29000
1, 29000
1, 29000
1, 29000
1, 29000
1, 29000
1, 29000
1, 29000
1, 29000
1, 29000
1, 29000
1, 29000
1, 29000
1, 29000
1, 29000
1, 29000
1, 29000
1, 29000
1, 29000
1, 29000
1, 29000
1, 29000
1, 29000
1, 29000
1, 29000
1, 29000
1, 29000
1, 29000
1, 29000
1, 29000
1, 29000
1, 29000
1, 29000
1, 29000
1, 29000
1, 29000
1, 29000
1, 29000
1, 29000
1, 29000
1, 29000
1, 29000
1, 29000
1, 29000
1, 29000
1, 29000
1, 29000
1, 29000
1, 29000
1, 29000
1, 29000
1, 29000
1, 29000
1, 29000
1, 29000
1, 29000
1, 29000
1, 29000
1, 29000
1, 29000
1, 29000
1, 29000
1, 29000
1, 29000
1, 29000
1, 29000
1, 29000
1, 29000
1, 29000
1, 29000
1, 29000
1, 29000
1, 29000
1, 29000
1, 29000
1, 29000
1, 29000
1, 29000
1, 29000
1, 29000
1, 29000
1, 29000
1, 29000
1, 29000
1, 29000
1, 29000
1, 29000
1, 29000
1, 29000
1, 29000
1, 29000
1, 29000
1, 29000
1, 29000
1, 29000
1, 29000
1, 29000
1, 29000
1, 29000
1, 29000
1, 29000
1, 29000
1, 29000
1, 29000
1, 29000
1, 29000
1, 29000
1, 29000
1, 29000
1, 29000
1, 29000
1, 29000
1, 29000
1, 29000
1, 29000
1, 29000
1, 29000
1, 29000
1, 29000
1, 29000
1, 29000
1, 29000
1, 29000
1, 29000
1, 29000
1, 29000
1, 29000
1, 29000
1, 29000
1, 29000
1, 29000
1, 29000
1, 29000
1, 29000
1, 29000
1, 29000
1, 29000
1, 29000
1, 29000
1, 29000
1, 29000
1, 29000
1, 29000
1, 29000
1, 29000
1, 29000
1, 29000
1, 29000
1, 29000
1, 29000
1, 29000
1, 29000
1, 29000
1, 29000
1, 29000
1, 29000
1, 29000
1, 29000
1, 29000
1, 29000
1, 29000
1, 29000
1, 29000
1, 29000
1, 29000
1, 29000
1, 29000
1, 29000
1, 29000
1, 29000
1, 29000
1, 29000
1, 29000
1, 29000
1, 29000
1, 29000
1, 29000
1, 29000
1, 29000
1, 29000
1, 29000
1, 29000
1, 29000
1, 29000
1, 29000
1, 29000
1, 29000
1, 29000
1, 29000
1, 29000
1, 29000
1, 29000
1, 29000
1, 29000
1, 29000
1, 29000
1, 29000
1, 29000
1, 29000
1, 29000
1, 29000
1, 29000
1, 29000
1, 29000
1, 29000
1, 29000
1, 29000
1, 29000
1, 29000
1, 29000
1, 29000
1, 29000
1, 29000
1, 29000
1, 29000
1, 29000
1, 29000
1, 29000
1, 29000
1, 29000
1, 29000
1, 29000
1, 29000
1, 29000
1, 29000
1, 29000
1, 29000
1, 29000
1, 29000
1, 29000
1, 29000
1, 29000
1, 29000
1, 29000
1, 29000
1, 29000
1, 29000
1, 29000
1, 29000
1, 29000
1, 29000
1, 29000
1, 29000
1, 29000
1, 29000
1, 29000
1, 29000
1, 29000
1, 29000
1, 29000
1, 29000
1, 29000
1, 29000
1, 29000
1, 29000
1, 29000
1, 29000
1, 29000
1, 29000
1, 29000
1, 29000
1, 29000
1, 29000
1, 29000
1, 29000
1, 29000
1, 29000
1, 29000
1, 29000
1, 29000
1, 29000
1, 29000
1, 29000
1, 29000
1, 29000
1, 29000
1, 29000
1, 29000
1, 29000
1, 29000
1, 29000
1, 29000
1, 29000
1, 29000
1, 29000
1, 29000
1, 29000
1, 29000
1, 29000
1, 29000
1, 29000
1, 29000
1, 29000
1, 29000
1, 29000
1, 29000
1, 29000
1, 29000
1, 29000
1, 29000
1, 29000
1, 29000
1, 29000
1, 29000
1, 29000
1, 29000
1, 29000
1, 29000
1, 29000
1, 29000
1, 29000
1, 29000
1, 29000
1, 29000
1, 29000
1, 29000
1, 29000
1, 29000
1, 29000
1, 29000
1, 29000
1, 29000
1, 29000
1, 29000
1, 29000
1, 29000
1, 29000
1, 29000
1, 29000
1, 29000
1, 29000
1, 29000
1, 29000
1, 29000
1, 29000
1, 29000
1, 29000
1, 29000
1, 29000
1, 29000
1, 29000
1, 29000
1, 29000
1, 29000
1, 29000
1, 29000
1, 29000
1, 29000
1, 29000
1, 29000
1, 29000
1, 29000
1, 29000
1, 29000
1, 29000
1, 29000
1, 29000
1, 29000
1, 29000
1, 29000
1, 29000
1, 29000
1, 29000
1, 29000
1, 29000
1, 29000
1, 29000
1, 29000
1, 29000
1, 29000
1, 29000
1, 29000
1, 29000
1, 29000
1, 29000
1, 29000
1, 29000
1, 29000
1, 29000
1, 29000
1, 29000
1, 29000
1, 29000
1, 29000
1, 29000
1, 29000
1, 29000
1, 29000
1, 29000
1, 29000
1, 29000
1, 29000
1, 29000
1, 29000
1, 29000
1, 29000
1, 29000
1, 29000
1, 29000
1, 29000
1, 29000
1, 29000
1, 29000
1, 29000
1, 29000
1, 29000
1, 29000
1, 29000
1, 29000
1, 29000
1, 29000
1, 29000
1, 29000
1, 29000
1, 29000
1, 29000
1, 29000
1, 29000
1, 29000
1, 29000
1, 29000
1, 29000
1, 29000
1, 29000
1, 29000
1, 29000
1, 29000
1, 29000
1, 29000
1, 29000
1, 29000
1, 29000
1, 29000
1, 29000
1, 29000
1, 29000
1, 29000
1, 29000
1, 29000
1, 29000
1, 29000
1, 29000
1, 29000
1, 29000
1, 29000
1, 29000
1, 29000
1, 29000
1, 29000
1, 29000
1, 29000
1, 29000
1, 29000
1, 29000
1, 29000
1, 29000
1, 29000
1, 29000
1, 29000
1, 29000
1, 29000
1, 29000
1, 29000
1, 29000
1, 29000
1, 29000
1, 29000
1, 29000
1, 29000
1, 29000
1, 29000
1, 29000
1, 29000
1, 29000
1, 29000
1, 29000
1, 29000
1, 29000
1, 29000
1, 29000
1, 29000
1, 29000
1, 29000
1, 29000
1, 29000
1, 29000
1, 29000
1, 29000
1, 29000
1, 29000
1, 29000
1, 29000
1, 29000
1, 29000
1, 29000
1, 29000
1, 29000
1, 29000
1, 29000
1, 29000
1, 29000
1, 29000
1, 29000
1, 29000
1, 29000
1, 29000
1, 29000
1, 29000
1, 29000
1, 29000
1, 29000
1, 29000
1, 29000
1, 29000
1, 29000
1, 29000
1, 29000
1, 29000
1, 29000
1, 29000
1, 29000
1, 29000
1, 29000
1, 29000
1, 29000
1, 29000
1, 29000
1, 29000
1, 29000
1, 29000
1, 29000
1, 29000
1, 29000
1, 29000
1, 29000
1, 29000
1, 29000
1, 29000
1, 29000
1, 29000
1, 29000
1, 29000
1, 29000
1, 29000
1, 29000
1, 29000
1, 29000
1, 29000
1, 29000
1, 29000
1, 29000
1, 29000
1, 29000
1, 29000
1, 29000
1, 29000
1, 29000
1, 29000
1, 29000
1, 29000
1, 29000
1, 29000
1, 29000
1, 29000
1, 29000
1, 29000
1, 29000
1, 29000
1, 29000
1, 29000
1, 29000
1, 29000
1, 29000
1, 29000
1, 29000
1, 29000
1, 29000
1, 29000
1, 29000
1, 29000
1, 29000
1, 29000
1, 29000
1, 29000
1, 29000
1, 29000
1, 29000
1, 29000
1, 29000
1, 29000
1, 29000
1, 29000
1, 29000
1, 29000
1, 29000
1, 29000
1, 29000
1, 29000
1, 29000
1, 29000
1, 29000
1, 29000
1, 29000
1, 29000
1, 29000
1, 29000
1, 29000
1, 29000
1, 29000
1, 29000
1, 29000
1, 29000
1, 29000
1, 29000
1, 29000
1, 29000
1, 29000
1, 29000
1, 29000
1, 29000
1, 29000
1, 29000
1, 29000
1, 29000
1, 29000
1, 29000
1, 29000
1, 29000
1, 29000
1, 29000
1, 29000
1, 29000
1, 29000
1, 29000
1, 29000
1, 29000
1, 29000
1, 29000
1, 29000
1, 29000
1, 29000
1, 29000
1, 29000
1, 29000
1, 29000
1, 29000
1, 29000
1, 29000
1, 29000
1, 29000
1, 29000
1, 29000
1, 29000
1, 29000
1, 29000
1, 29000
1, 29000
1, 29000
1, 29000
1, 29000
1, 29000
1, 29000
1, 29000
1, 29000
1, 29000
1, 29000
1, 29000
1, 29000
1, 29000
1, 29000
1, 29000
1, 29000
1, 29000
1, 29000
1, 29000
1, 29000
1, 29000
1, 29000
1, 29000
1, 29000
1, 29000
1, 29000
1, 29000
1, 29000
1, 29000
1, 29000
1, 29000
1, 29000
1, 29000
1, 29000
1, 29000
1, 29000
1, 29000
1, 29000
1, 29000
1, 29000
1, 29000
1, 29000
1, 29000
1, 29000
1, 29000
1, 29000
1, 29000
1, 29000
1, 29000
1, 29000
1, 29000
1, 29000
1, 29000
1, 29000
1, 29000
1, 29000
1, 29000
1, 29000
1, 29000
1, 29000
1, 29000
1, 29000
1, 29000
1, 29000
1, 29000
1, 29000
1, 29000
1, 29000
1, 29000
1, 29000
1, 29000
1, 29000
1, 29000
1, 29000
1, 29000
1, 29000
1, 29000
1, 29000
1, 29000
1, 29000
1, 29000
1, 29000
1, 29000
1, 29000
1, 29000
1, 29000
1, 29000
1, 29000
1, 29000
1, 29000
1, 29000
1, 29000
1, 29000
1, 29000
1, 29000
1, 29000
1, 29000
1, 29000
1, 29000
1, 29000
1, 29000
1, 29000
1, 29000
1, 29000
1, 29000
1, 29000
1, 29000
1, 29000
1, 29000
1, 29000
1, 29000
1, 29000
1, 29000
1, 29000
1, 29000
1, 29000
1, 29000
1, 29000
1, 29000
1, 29000
1, 29000
1, 29000
1, 29000
1, 29000
1, 29000
1, 29000
1, 29000
1, 29000
1, 29000
1, 29000
1, 29000
1, 29000
1, 29000
1, 29000
1, 29000
1, 29000
1, 29000
1, 29000
1, 29000
1, 29000
1, 29000
1, 29000
1, 29000
1, 29000
1, 29000
1, 29000
1, 29000
1, 29000
1, 29000
1, 29000
1, 29000
1, 29000
1, 29000
1, 29000
1, 29000
1, 29000
1, 29000
1, 29000
1, 29000
1, 29000
1, 29000
1, 29000
1, 29000
1, 29000
1, 29000
1, 29000
1, 29000
1, 29000
1, 29000
1, 29000
1, 29000
1, 29000
1, 29000
1, 29000
1, 29000
1, 29000
1, 29000
1, 29000
1, 29000
1, 29000
1, 29000
1, 29000
1, 29000
1, 29000
1, 29000
1, 29000
1, 29000
1, 29000
1, 29000
1, 29000
1, 29000
1, 29000
1, 29000
1, 29000
1, 29000
1, 29000
1, 29000
1, 29000
1, 29000
1, 29000
1, 29000
1, 29000
1, 29000
1, 29000
1, 29000
1, 29000
1, 29000
1, 29000
1, 29000
1, 29000
1, 29000
1, 29000
1, 29000
1, 29000
1, 29000
1, 29000
1, 29000
1, 29000
1, 29000
1, 29000
1, 29000
1, 29000
1, 29000
1, 29000
1, 29000
1, 29000
1, 29000
1, 29000
1, 29000
1, 29000
1, 29000
1, 29000
1, 29000
1, 29000
1, 29000
1, 29000
1, 29000
1, 29000
1, 29000
1, 29000
1, 29000
1, 29000
1, 29000
1, 29000
1, 29000
1, 29000
1, 29000
1, 29000
1, 29000
1, 29000
1, 29000
1, 29000
1, 29000
1, 29000
1, 29000
1, 29000
1, 29000
1, 29000
1, 29000
1, 29000
1, 29000
1, 29000
1, 29000
1, 29000
1, 29000
1, 29000
1, 29000
1, 29000
1, 29000
1, 29000
1, 29000
1, 29000
1, 29000
1, 29000
1, 29000
1, 29000
1, 29000
1, 29000
1, 29000
1, 29000
1, 29000
1, 29000
1, 29000
1, 29000
1, 29000
1, 29000
1, 29000
1, 29000
1, 29000
1, 29000
1, 29000
1, 29000
1, 29000
1, 29000
1, 29000
1, 29000
1, 29000
1, 29000
1, 29000
1, 29000
1, 29000
1, 29000
1, 29000
1, 29000
1, 29000
1, 29000
1, 29000
1, 29000
1, 29000
1, 29000
1, 29000
1, 29000
1, 29000
1, 29000
1, 29000
1, 29000
1, 29000
1, 29000
1, 29000
1, 29000
1, 29000
1, 29000
1, 29000
1, 29000
1, 29000
1, 29000
1, 29000
1, 29000
1, 29000
1, 29000
1, 29000
1, 29000
1, 29000
1, 29000
1, 29000
1, 29000
1, 29000
1, 29000
1, 29000
1, 29000
1, 29000
1, 29000
1, 29000
1, 29000
1, 29000
1, 29000
1, 29000
1, 29000
1, 29000
1, 29000
1, 29000
1, 29000
1, 29000
1, 29000
1, 29000
1, 29000
1, 29000
1, 29000
1, 29000
1, 29000
1, 29000
1, 29000
1, 29000
1, 29000
1, 29000
1, 29000
1, 29000
1, 29000
1, 29000
1, 29000
1, 29000
1, 29000
1, 29000
1, 29000
1, 29000
1, 29000
1, 29000
1, 29000
1, 29000
1, 29000
1, 29000
1, 29000
1, 29000
1, 29000
1, 29000
1, 29000
1, 29000
1, 29000
1, 29000
1, 29000
1, 29000
1, 29000
1, 29000
1, 29000
1, 29000
1, 29000
1, 29000
1, 29000
1, 29000
1, 29000
1, 29000
1, 29000
1, 29000
1, 29000
1, 29000
1, 29000
1, 29000
1, 29000
1, 29000
1, 29000
1, 29000
1, 29000
1, 29000
1, 29000
1, 29000
1, 29000
1, 29000
1, 29000
1, 29000
1, 29000
1, 29000
1, 29000
1, 29000
1, 29000
1, 29000
1, 29000
1, 29000
1, 29000
1, 29000
1, 29000
1, 29000
1, 29000
1, 29000
1, 29000
1, 29000
1, 29000
1, 29000
1, 29000
1, 29000
1, 29000
1, 29000
1, 29000
1, 29000
1, 29000
1, 29000
1, 29000
1, 29000
1, 29000
1, 29000
1, 29000
1, 29000
1, 29000
1, 29000
1, 29000
1, 29000
1, 29000
1, 29000
1, 29000
1, 29000
1, 29000
1, 29000
1, 29000
1, 29000
1, 29000
1, 29000
1, 29000
1, 29000
1, 29000
1, 29000
1, 29000
1, 29000
1, 29000
1, 29000
1, 29000
1, 29000
1, 29000
1, 29000
1, 29000
1, 29000
1, 29000
1, 29000
1, 29000
1, 29000
1, 29000
1, 29000
1, 29000
1, 29000
1, 29000
1, 29000
1, 29000
1, 29000
1, 29000
1, 29000
1, 29000
1, 29000
1, 29000
1, 29000
1, 29000
1, 29000
1, 29000
1, 29000
1, 29000
1, 29000
1, 29000
1, 29000
1, 29000
1, 29000
1, 29000
1, 29000
1, 29000
1, 29000
1, 29000
1, 29000
1, 29000
1, 29000
1, 29000
1, 29000
1, 29000
1, 29000
1, 29000
1, 29000
1, 29000
1, 29000
1, 29000
1, 29000
1, 29000
1, 29000
1, 29000
1, 29000
1, 29000
1, 29000
1, 29000
1, 29000
1, 29000
1, 29000
1, 29000
1, 29000
1, 29000
1, 29000
1, 29000
1, 29000
1, 29000
1, 29000
1, 29000
1, 29000
1, 29000
1, 29000
1, 29000
1, 29000
1, 29000
1, 29000
1, 29000
1, 29000
1, 29000
1, 29000
1, 29000
1, 29000
1, 29000
1, 29000
1, 29000
1, 29000
1, 29000
1, 29000
1, 29000
1, 29000
1, 29000
1, 29000
1, 29000
1, 29000
1, 29000
1, 29000
1, 29000
1, 29000
1, 29000
1, 29000
1, 29000
1, 29000
1, 29000
1, 29000
1, 29000
1, 29000
1, 29000
1, 29000
1, 29000
1, 29000
1, 29000
1, 29000
1, 29000
1, 29000
1, 29000
1, 29000
1, 29000
1, 29000
1, 29000
1, 29000
1, 29000
1, 29000
1, 29000
1, 29000
1, 29000
1, 29000
1, 29000
1, 29000
1, 29000
1, 29000
1, 29000
1, 29000
1, 29000
1, 29000
1, 29000
1, 29000
1, 29000
1, 29000
1, 29000
1, 29000
1, 29000
1, 29000
1, 29000
1, 29000
1, 29000
1, 29000
1, 29000
1, 29000
1, 29000
1, 29000
1, 29000
1, 29000
1, 29000
1, 29000
1, 29000
1, 29000
1, 29000
1, 29000
1, 29000
1, 29000
1, 29000
1, 29000
1, 29000
1, 29000
1, 29000
1, 29000
1, 29000
1, 29000
1, 29000
1, 29000
1, 29000
1, 29000
1, 29000
1, 29000
1, 29000
1, 29000
1, 29000
1, 29000
1, 29000
1, 29000
1, 29000
1, 29000
1, 29000
1, 29000
1, 29000
1, 29000
1, 29000
1, 29000
1, 29000
1, 29000
1, 29000
1, 29000
1, 29000
1, 29000
1, 29000
1, 29000
1, 29000
1, 29000
1, 29000
1, 29000
1, 29000
1, 29000
1, 29000
1, 29000
1, 29000
1, 29000
1, 29000
1, 29000
1, 29000
1, 29000
1, 29000
1, 29000
1, 29000
1, 29000
1, 29000
1, 29000
1, 29000
1, 29000
1, 29000
1, 29000
1, 29000
1, 29000
1, 29000
1, 29000
1, 29000
1, 29000
1, 29000
1, 29000
1, 29000
1, 29000
1, 29000
1, 29000
1, 29000
1, 29000
1, 29000
1, 29000
1, 29000
1, 29000
1, 29000
1, 29000
1, 29000
1, 29000
1, 29000
1, 29000
1, 29000
1, 29000
1, 29000
1, 29000
1, 29000
1, 29000
1, 29000
1, 29000
1, 29000
1, 29000
1, 29000
1, 29000
1, 29000
1, 29000
1, 29000
1, 29000
1, 29000
1, 29000
1, 29000
1, 29000
1, 29000
1, 29000
1, 29000
1, 29000
1, 29000
1, 29000
1, 29000
1, 29000
1, 29000
1, 29000
1, 29000
1, 29000
1, 29000
1, 29000
1, 29000
1, 29000
1, 29000
1, 29000
1, 29000
1, 29000
1, 29000
1, 29000
1, 29000
1, 29000
1, 29000
1, 29000
1, 29000
1, 29000
1, 29000
1, 29000
1, 29000
1, 29000
1, 29000
1, 29000
1, 29000
1, 29000
1, 29000
1, 29000
1, 29000
1, 29000
1, 29000
1, 29000
1, 29000
1, 29000
1, 29000
1, 29000
1, 29000
1, 29000
1, 29000
1, 29000
1, 29000
1, 29000
1, 29000
1, 29000
1, 29000
1, 29000
1, 29000
1, 29000
1, 29000
1, 29000
1, 29000
1, 29000
1, 29000
1, 29000
1, 29000
1, 29000
1, 29000
1, 29000
1, 29000
1, 29000
1, 29000
1, 29000
1, 29000
1, 29000
1, 29000
1, 29000
1, 29000
1, 29000
1, 29000
1, 29000
1, 29000
1, 29000
1, 29000
1, 29000
1, 29000
1, 29000
1, 29000
1, 29000
1, 29000
1, 29000
1, 29000
1, 29000
1, 29000
1, 29000
1, 29000
1, 29000
1, 29000
1, 29000
1, 29000
1, 29000
1, 29000
1, 29000
1, 29000
1, 29000
1, 29000
1, 29000
1, 29000
1, 29000
1, 29000
1, 29000
1, 29000
1, 29000
1, 29000
1, 29000
1, 29000
1, 29000
1, 29000
1, 29000
1, 29000
1, 29000
1, 29000
1, 29000
1, 29000
1, 29000
1, 29000
1, 29000
1, 29000
1, 29000
1, 29000
1, 29000
1, 29000
1, 29000
1, 29000
1, 29000
1, 29000
1, 29000
1, 29000
1, 29000
1, 29000
1, 29000
1, 29000
1, 29000
1, 29000
1, 29000
1, 29000
1, 29000
1, 29000
1, 29000
1, 29000
1, 29000
1, 29000
1, 29000
1, 29000
1, 29000
1, 29000
1, 29000
1, 29000
1, 29000
1, 29000
1, 29000
1, 29000
1, 29000
1, 29000
1, 29000
1, 29000
1, 29000
1, 29000
1, 29000
1, 29000
1, 29000
1, 29000
1, 29000
1, 29000
1, 29000
1, 29000
1, 29000
1, 29000
1, 29000
1, 29000
1, 29000
1, 29000
1, 29000
1, 29000
1, 29000
1, 29000
1, 29000
1, 29000
1, 29000
1, 29000
1, 29000
1, 29000
1, 29000
1, 29000
1, 29000
1, 29000
1, 29000
1, 29000
1, 29000
1, 29000
1, 29000
1, 29000
1, 29000
1, 29000
1, 29000
1, 29000
1, 29000
1, 29000
1, 29000
1, 29000
1, 29000
1, 29000
1, 29000
1, 29000
1, 29000
1, 29000
1, 29000
1, 29000
1, 29000
1, 29000
1, 29000
1, 29000
1, 29000
1, 29000
1, 29000
1, 29000
1, 29000
1, 29000
1, 29000
1, 29000
1, 29000
1, 29000
1, 29000
1, 29000
1, 29000
1, 29000
1, 29000
1, 29000
1, 29000
1, 29000
1, 29000
1, 29000
1, 29000
1, 29000
1, 29000
1, 29000
1, 29000
1, 29000
1, 29000
1, 29000
1, 29000
1, 29000
1, 29000
1, 29000
1, 29000
1, 29000
1, 29000
1, 29000
1, 29000
1, 29000
1, 29000
1, 29000
1, 29000
1, 29000
1, 29000
1, 29000
1, 29000
1, 29000
1, 29000
1, 29000
1, 29000
1, 29000
1, 29000
1, 29000
1, 29000
1, 29000
1, 29000
1, 29000
1, 29000
1, 29000
1, 29000
1, 29000
1, 29000
1, 29000
1, 29000
1, 29000
1, 29000
1, 29000
1, 29000
1, 29000
1, 29000
1, 29000
1, 29000
1, 29000
1, 29000
1, 29000
1, 29000
1, 29000
1, 29000
1, 29000
1, 29000
1, 29000
1, 29000
1, 29000
1, 29000
1, 29000
1, 29000
1, 29000
1, 29000
1, 29000
1, 29000
1, 29000
1, 29000
1, 29000
1, 29000
1, 29000
1, 29000
1, 29000
1, 29000
1, 29000
1, 29000
1, 29000
1, 29000
1, 29000
1, 29000
1, 29000
1, 29000
1, 29000
1, 29000
1, 29000
1, 29000
1, 29000
1, 29000
1, 29000
1, 29000
1, 29000
1, 29000
1, 29000
1, 29000
1, 29000
1, 29000
1, 29000
1, 29000
1, 29000
1, 29000
1, 29000
1, 29000
1, 29000
1, 29000
1, 29000
1, 29000
1, 29000
1, 29000
1, 29000
1, 29000
1, 29000
1, 29000
1, 29000
1, 29000
1, 29000
1, 29000
1, 29000
1, 29000
1, 29000
1, 29000
1, 29000
1, 29000
1, 29000
1, 29000
1, 29000
1, 29000
1, 29000
1, 29000
1, 29000
1, 29000
1, 29000
1, 29000
1, 29000
1, 29000
1, 29000
1, 29000
1, 29000
1, 29000
1, 29000
1, 29000
1, 29000
1, 29000
1, 29000
1, 29000
1, 29000
1, 29000
1, 29000
1, 29000
1, 29000
1, 29000
1, 29000
1, 29000
1, 29000
1, 29000
1, 29000
1, 29000
1, 29000
1, 29000
1, 29000
1, 29000
1, 29000
1, 29000
1, 29000
1, 29000
1, 29000
1, 29000
1, 29000
1, 29000
1, 29000
1, 29000
1, 29000
1, 29000
1, 29000
1, 29000
1, 29000
1, 29000
1, 29000
1, 29000
1, 29000
1, 29000
1, 29000
1, 29000
1, 29000
1, 29000
1, 29000
1, 29000
1, 29000
1, 29000
1, 29000
1, 29000
1, 29000
1, 29000
1, 29000
1, 29000
1, 29000
1, 29000
1, 29000
1, 29000
1, 29000
1, 29000
1, 29000
1, 29000
1, 29000
1, 29000
1, 29000
1, 29000
1, 29000
1, 29000
1, 29000
1, 29000
1, 29000
1, 29000
1, 29000
1, 29000
1, 29000
1, 29000
1, 29000
1, 29000
1, 29000
1, 29000
1, 29000
1, 29000
1, 29000
1, 29000
1, 29000
1, 29000
1, 29000
1, 29000
1, 29000
1, 29000
1, 29000
1, 29000
1, 29000
1, 29000
1, 29000
1, 29000
1, 29000
1, 29000
1, 29000
1, 29000
1, 29000
1, 29000
1, 29000
1, 29000
1, 29000
1, 29000
1, 29000
1, 29000
1, 29000
1, 29000
1, 29000
1, 29000
1, 29000
1, 29000
1, 29000
1, 29000
1, 29000
1, 29000
1, 29000
1, 29000
1, 29000
1, 29000
1, 29000
1, 29000
1, 29000
1, 29000
1, 29000
1, 29000
1, 29000
1, 29000
1, 29000
1, 29000
1, 29000
1, 29000
1, 29000
1, 29000
1, 29000
1, 29000
1, 29000
1, 29000
1, 29000
1, 29000
1, 29000
1, 29000
1, 29000
1, 29000
1, 29000
1, 29000
1, 29000
1, 29000
1, 29000
1, 29000
1, 29000
1, 29000
1, 29000
1, 29000
1, 29000
1, 29000
1, 29000
1, 29000
1, 29000
1, 29000
1, 29000
1, 29000
1, 29000
1, 29000
1, 29000
1, 29000
1, 29000
1, 29000
1, 29000
1, 29000
1, 29000
1, 29000
1, 29000
1, 29000
1, 29000
1, 29000
1, 29000
1, 29000
1, 29000
1, 29000
1, 29000
1, 29000
1, 29000
1, 29000
1, 29000
1, 29000
1, 29000
1, 29000
1, 29000
1, 29000
1, 29000
1, 29000
1, 29000
1, 29000
1, 29000
1, 29000
1, 29000
1, 29000
1, 29000
1, 29000
1, 29000
1, 29000
1, 29000
1, 29000
1, 29000
1, 29000
1, 29000
1, 29000
1, 29000
1, 29000
1, 29000
1, 29000
1, 29000
1, 29000
1, 29000
1, 29000
1, 29000
1, 29000
1, 29000
1, 29000
1, 29000
1, 29000
1, 29000
1, 29000
1, 29000
1, 29000
1, 29000
1, 29000
1, 29000
1, 29000
1, 29000
1, 29000
1, 29000
1, 29000
1, 29000
1, 29000
1, 29000
1, 29000
1, 29000
1, 29000
1, 29000
1, 29000
1, 29000
1, 29000
1, 29000
1, 29000
1, 29000
1, 29000
1, 29000
1, 29000
1, 29000
1, 29000
1, 29000
1, 29000
1, 29000
1, 29000
1, 29000
1, 29000
1, 29000
1, 29000
1, 29000
1, 29000
1, 29000
1, 29000
1, 29000
1, 29000
1, 29000
1, 29000
1, 29000
1, 29000
1, 29000
1, 29000
1, 29000
1, 29000
1, 29000
1, 29000
1, 29000
1, 29000
1, 29000
1, 29000
1, 29000
1, 29000
1, 29000
1, 29000
1, 29000
1, 29000
1, 29000
1, 29000
1, 29000
1, 29000
1, 29000
1, 29000
1, 29000
1, 29000
1, 29000
1, 29000
1, 29000
1, 29000
1, 29000
1, 29000
1, 29000
1, 29000
1, 29000
1, 29000
1, 29000
1, 29000
1, 29000
1, 29000
1, 29000
1, 29000
1, 29000
1, 29000
1, 29000
1, 29000
1, 29000
1, 29000
1, 29000
1, 29000
1, 29000
1, 29000
1, 29000
1, 29000
1, 29000
1, 29000
1, 29000
1, 29000
1, 29000
1, 29000
1, 29000
1, 29000
1, 29000
1, 29000
1, 29000
1, 29000
1, 29000
1, 29000
1, 29000
1, 29000
1, 29000
1, 29000
1, 29000
1, 29000
1, 29000
1, 29000
1, 29000
1, 29000
1, 29000
1, 29000
1, 29000
1, 29000
1, 29000
1, 29000
1, 29000
1, 29000
1, 29000
1, 29000
1, 29000
1, 29000
1, 29000
1, 29000
1, 29000
1, 29000
1, 29000
1, 29000
1, 29000
1, 29000
1, 29000
1, 29000
1, 29000
1, 29000
1, 29000
1, 29000
1, 29000
1, 29000
1, 29000
1, 29000
1, 29000
1, 29000
1, 29000
1, 29000
1, 29000
1, 29000
1, 29000
1, 29000
1, 29000
1, 29000
1, 29000
1, 29000
1, 29000
1, 29000
1, 29000
1, 29000
1, 29000
1, 29000
1, 29000
1, 29000
1, 29000
1, 29000
1, 29000
1, 29000
1, 29000
1, 29000
1, 29000
1, 29000
1, 29000
1, 29000
1, 29000
1, 29000
1, 29000
1, 29000
1, 29000
1, 29000
1, 29000
1, 29000
1, 29000
1, 29000
1, 29000
1, 29000
1, 29000
1, 29000
1, 29000
1, 29000
1, 29000
1, 29000
1, 29000
1, 29000
1, 29000
1, 29000
1, 29000
1, 29000
1, 29000
1, 29000
1, 29000
1, 29000
1, 29000
1, 29000
1, 29000
1, 29000
1, 29000
1, 29000
1, 29000
1, 29000
1, 29000
1, 29000
1, 29000
1, 29000
1, 29000
1, 29000
1, 29000
1, 29000
1, 29000
1, 29000
1, 29000
1, 29000
1, 29000
1, 29000
1, 29000
1, 29000
1, 29000
1, 29000
1, 29000
1, 29000
1, 29000
1, 29000
1, 29000
1, 29000
1, 29000
1, 29000
1, 29000
1, 29000
1, 29000
1, 29000
1, 29000
1, 29000
1, 29000
1, 29000
1, 29000
1, 29000
1, 29000
1, 29000
1, 29000
1, 29000
1, 29000
1, 29000
1, 29000
1, 29000
1, 29000
1, 29000
1, 29000
1, 29000
1, 29000
1, 29000
1, 29000
1, 29000
1, 29000
1, 29000
1, 29000
1, 29000
1, 29000
1, 29000
1, 29000
1, 29000
1, 29000
1, 29000
1, 29000
1, 29000
1, 29000
1, 29000
1, 29000
1, 29000
1, 29000
1, 29000
1, 29000
1, 29000
1, 29000
1, 29000
1, 29000
1, 29000
1, 29000
1, 29000
1, 29000
1, 29000
1, 29000
1, 29000
1, 29000
1, 29000
1, 29000
1, 29000
1, 29000
1, 29000
1, 29000
1, 29000
1, 29000
1, 29000
1, 29000
1, 29000
1, 29000
1, 29000
1, 29000
1, 29000
1, 29000
1, 29000
1, 29000
1, 29000
1, 29000
1, 29000
1, 29000
1, 29000
1, 29000
1, 29000
1, 29000
1, 29000
1, 29000
1, 29000
1, 29000
1, 29000
1, 29000
1, 29000
1, 29000
1, 29000
1, 29000
1, 29000
1, 29000
1, 29000
1, 29000
1, 29000
1, 29000
1, 29000
1, 29000
1, 29000
1, 29000
1, 29000
1, 29000
1, 29000
1, 29000
1, 29000
1, 29000
1, 29000
1, 29000
1, 29000
1, 29000
1, 29000
1, 29000
1, 29000
1, 29000
1, 29000
1, 29000
1, 29000
1, 29000
1, 29000
1, 29000
1, 29000
1, 29000
1, 29000
1, 29000
1, 29000
1, 29000
1, 29000
1, 29000
1, 29000
1, 29000
1, 29000
1, 29000
1, 29000
1, 29000
1, 29000
1, 29000
1, 29000
1, 29000
1, 29000
1, 29000
1, 29000
1, 29000
1, 29000
1, 29000
1, 29000
1, 29000
1, 29000
1, 29000
1, 29000
1, 29000
1, 29000
1, 29000
1, 29000
1, 29000
1, 29000
1, 29000
1, 29000
1, 29000
1, 29000
1, 29000
1, 29000
1, 29000
1, 29000
1, 29000
1, 29000
1, 29000
1, 29000
1, 29000
1, 29000
1, 29000
1, 29000
1, 29000
1, 29000
1, 29000
1, 29000
1, 29000
1, 29000
1, 29000
1, 29000
1, 29000
1, 29000
1, 29000
1, 29000
1, 29000
1, 29000
1, 29000
1, 29000
1, 29000
1, 29000
1, 29000
1, 29000
1, 29000
1, 29000
1, 29000
1, 29000
1, 29000
1, 29000
1, 29000
1, 29000
1, 29000
1, 29000
1, 29000
1, 29000
1, 29000
1, 29000
1, 29000
1, 29000
1, 29000
1, 29000
1, 29000
1, 29000
1, 29000
1, 29000
1, 29000
1, 29000
1, 29000
1, 29000
1, 29000
1, 29000
1, 29000
1, 29000
1, 29000
1, 29000
1, 29000
1, 29000
1, 29000
1, 29000
1, 29000
1, 29000
1, 29000
1, 29000
1, 29000
1, 29000
1, 29000
1, 29000
1, 29000
1, 29000
1, 29000
1, 29000
1, 29000
1, 29000
1, 29000
1, 29000
1, 29000
1, 29000
1, 29000
1, 29000
1, 29000
1, 29000
1, 29000
1, 29000
1, 29000
1, 29000
1, 29000
1, 29000
1, 29000
1, 29000
1, 29000
1, 29000
1, 29000
1, 29000
1, 29000
1, 29000
1, 29000
1, 29000
1, 29000
1, 29000
1, 29000
1, 29000
1, 29000
1, 29000
1, 29000
1, 29000
1, 29000
1, 29000
1, 29000
1, 29000
1, 29000
1, 29000
1, 29000
1, 29000
1, 29000
1, 29000
1, 29000
1, 29000
1, 29000
1, 29000
1, 29000
1, 29000
1, 29000
1, 29000
1, 29000
1, 29000
1, 29000
1, 29000
1, 29000
1, 29000
1, 29000
1, 29000
1, 29000
1, 29000
1, 29000
1, 29000
1, 29000
1, 29000
1, 29000
1, 29000
1, 29000
1, 29000
1, 29000
1, 29000
1, 29000
1, 29000
1, 29000
1, 29000
1, 29000
1, 29000
1, 29000
1, 29000
1, 29000
1, 29000
1, 29000
1, 29000
1, 29000
1, 29000
1, 29000
1, 29000
1, 29000
1, 29000
1, 29000
1, 29000
1, 29000
1, 29000
1, 29000
1, 29000
1, 29000
1, 29000
1, 29000
1, 29000
1, 29000
1, 29000
1, 29000
1, 29000
1, 29000
1, 29000
1, 29000
1, 29000
1, 29000
1, 29000
1, 29000
1, 29000
1, 29000
1, 29000
1, 29000
1, 29000
1, 29000
1, 29000
1, 29000
1, 29000
1, 29000
1, 29000
1, 29000
1, 29000
1, 29000
1, 29000
1, 29000
1, 29000
1, 29000
1, 29000
1, 29000
1, 29000
1, 29000
1, 29000
1, 29000
1, 29000
1, 29000
1, 29000
1, 29000
1, 29000
1, 29000
1, 29000
1, 29000
1, 29000
1, 29000
1, 29000
1, 29000
1, 29000
1, 29000
1, 29000
1, 29000
1, 29000
1, 29000
1, 29000
1, 29000
1, 29000
1, 29000
1, 29000
1, 29000
1, 29000
1, 29000
1, 29000
1, 29000
1, 29000
1, 29000
1, 29000
1, 29000
1, 29000
1, 29000
1, 29000
1, 29000
1, 29000
1, 29000
1, 29000
1, 29000
1, 29000
1, 29000
1, 29000
1, 29000
1, 29000
1, 29000
1, 29000
1, 29000
1, 29000
1, 29000
1, 29000
1, 29000
1, 29000
1, 29000
1, 29000
1, 29000
1, 29000
1, 29000
1, 29000
1, 29000
1, 29000
1, 29000
1, 29000
1, 29000
1, 29000
1, 29000
1, 29000
1, 29000
1, 29000
1, 29000
1, 29000
1, 29000
1, 29000
1, 29000
1, 29000
1, 29000
1, 29000
1, 29000
1, 29000
1, 29000
1, 29000
1, 29000
1, 29000
1, 29000
1, 29000
1, 29000
1, 29000
1, 29000
1, 29000
1, 29000
1, 29000
1, 29000
1, 29000
1, 29000
1, 29000
1, 29000
1, 29000
1, 29000
1, 29000
1, 29000
1, 29000
1, 29000
1, 29000
1, 29000
1, 29000
1, 29000
1, 29000
1, 29000
1, 29000
1, 29000
1, 29000
1, 29000
1, 29000
1, 29000
1, 29000
1, 29000
1, 29000
1, 29000
1, 29000
1, 29000
1, 29000
1, 29000
1, 29000
1, 29000
1, 29000
1, 29000
1, 29000
1, 29000
1, 29000
1, 29000
1, 29000
1, 29000
1, 29000
1, 29000
1, 29000
1, 29000
1, 29000
1, 29000
1, 29000
1, 29000
1, 29000
1, 29000
1, 29000
1, 29000
1, 29000
1, 29000
1, 29000
1, 29000
1, 29000
1, 29000
1, 29000
1, 29000
1, 29000
1, 29000
1, 29000
1, 29000
1, 29000
1, 29000
1, 29000
1, 29000
1, 29000
1, 29000
1, 29000
1, 29000
1, 29000
1, 29000
1, 29000
1, 29000
1, 29000
1, 29000
1, 29000
1, 29000
1, 29000
1, 29000
1, 29000
1, 29000
1, 29000
1, 29000
1, 29000
1, 29000
1, 29000
1, 29000
1, 29000
1, 29000
1, 29000
1, 29000
1, 29000
1, 29000
1, 29000
1, 29000
1, 29000
1, 29000
1, 29000
1, 29000
1, 29000
1, 29000
1, 29000
1, 29000
1, 29000
1, 29000
1, 29000
1, 29000
1, 29000
1, 29000
1, 29000
1, 29000
1, 29000
1, 29000
1, 29000
1, 29000
1, 29000
1, 29000
1, 29000
1, 29000
1, 29000
1, 29000
1, 29000
1, 29000
1, 29000
1, 29000
1, 29000
1, 29000
1, 29000
1, 29000
1, 29000
1, 29000
1, 29000
1, 29000
1, 29000
1, 29000
1, 29000
1, 29000
1, 29000
1, 29000
1, 29000
1, 29000
1, 29000
1, 29000
1, 29000
1, 29000
1, 29000
1, 29000
1, 29000
1, 29000
1, 29000
1, 29000
1, 29000
1, 29000
1, 29000
1, 29000
1, 29000
1, 29000
1, 29000
1, 29000
1, 29000
1, 29000
1, 29000
1, 29000
1, 29000
1, 29000
1, 29000
1, 29000
1, 29000
1, 29000
1, 29000
1, 29000
1, 29000
1, 29000
1, 29000
1, 29000
1, 29000
1, 29000
1, 29000
1, 29000
1, 29000
1, 29000
1, 29000
1, 29000
1, 29000
1, 29000
1, 29000
1, 29000
1, 29000
1, 29000
1, 29000
1, 29000
1, 29000
1, 29000
1, 29000
1, 29000
1, 29000
1, 29000
1, 29000
1, 29000
1, 29000
1, 29000
1, 29000
1, 29000
1, 29000
1, 29000
1, 29000
1, 29000
1, 29000
1, 29000
1, 29000
1, 29000
1, 29000
1, 29000
1, 29000
1, 29000
1, 29000
1, 29000
1, 29000
1, 29000
1, 29000
1, 29000
1, 29000
1, 29000
1, 29000
1, 29000
1, 29000
1, 29000
1, 29000
1, 29000
1, 29000
1, 29000
1, 29000
1, 29000
1, 29000
1, 29000
1, 29000
1, 29000
1, 29000
1, 29000
1, 29000
1, 29000
1, 29000
1, 29000
1, 29000
1, 29000
1, 29000
1, 29000
1, 29000
1, 29000
1, 29000
1, 29000
1, 29000
1, 29000
1, 29000
1, 29000
1, 29000
1, 29000
1, 29000
1, 29000
1, 29000
1, 29000
1, 29000
1, 29000
1, 29000
1, 29000
1, 29000
1, 29000
1, 29000
1, 29000
1, 29000
1, 29000
1, 29000
1, 29000
1, 29000
1, 29000
1, 29000
1, 29000
1, 29000
1, 29000
1, 29000
1, 29000
1, 29000
1, 29000
1, 29000
1, 29000
1, 29000
1, 29000
1, 29000
1, 29000
1, 29000
1, 29000
1, 29000
1, 29000
1, 29000
1, 29000
1, 29000
1, 29000
1, 29000
1, 29000
1, 29000
1, 29000
1, 29000
1, 29000
1, 29000
1, 29000
1, 29000
1, 29000
1, 29000
1, 29000
1, 29000
1, 29000
1, 29000
1, 29000
1, 29000
1, 29000
1, 29000
1, 29000
1, 29000
1, 29000
1, 29000
1, 29000
1, 29000
1, 29000
1, 29000
1, 29000
1, 29000
1, 29000
1, 29000
1, 29000
1, 29000
1, 29000
1, 29000
1, 29000
1, 29000
1, 29000
1, 29000
1, 29000
1, 29000
1, 29000
1, 29000
1, 29000
1, 29000
1, 29000
1, 29000
1, 29000
1, 29000
1, 29000
1, 29000
1, 29000
1, 29000
1, 29000
1, 29000
1, 29000
1, 29000
1, 29000
1, 29000
1, 29000
1, 29000
1, 29000
1, 29000
1, 29000
1, 29000
1, 29000
1, 29000
1, 29000
1, 29000
1, 29000
1, 29000
1, 29000
1, 29000
1, 29000
1, 29000
1, 29000
1, 29000
1, 29000
1, 29000
1, 29000
1, 29000
1, 29000
1, 29000
1, 29000
1, 29000
1, 29000
1, 29000
1, 29000
1, 29000
1, 29000
1, 29000
1, 29000
1, 29000
1, 29000
1, 29000
1, 29000
1, 29000
1, 29000
1, 29000
1, 29000
1, 29000
1, 29000
1, 29000
1, 29000
1, 29000
1, 29000
1, 29000
1, 29000
1, 29000
1, 29000
1, 29000
1, 29000
1, 29000
1, 29000
1, 29000
1, 29000
1, 29000
1, 29000
1, 29000
1, 29000
1, 29000
1, 29000
1, 29000
1, 29000
1, 29000
1, 29000
1, 29000
1, 29000
1, 29000
1, 29000
1, 29000
1, 29000
1, 29000
1, 29000
1, 29000
1, 29000
1, 29000
1, 29000
1, 29000
1, 29000
1, 29000
1, 29000
1, 29000
1, 29000
1, 29000
1, 29000
1, 29000
1, 29000
1, 29000
1, 29000
1, 29000
1, 29000
1, 29000
1, 29000
1, 29000
1, 29000
1, 29000
1, 29000
1, 29000
1, 29000
1, 29000
1, 29000
1, 29000
1, 29000
1, 29000
1, 29000
1, 29000
1, 29000
1, 29000
1, 29000
1, 29000
1, 29000
1, 29000
1, 29000
1, 29000
1, 29000
1, 29000
1, 29000
1, 29000
1, 29000
1, 29000
1, 29000
1, 29000
1, 29000
1, 29000
1, 29000
1, 29000
1, 29000
1, 29000
1, 29000
1, 29000
1, 29000
1, 29000
1, 29000
1, 29000
1, 29000
1, 29000
1, 29000
1, 29000
1, 29000
1, 29000
1, 29000
1, 29000
1, 29000
1, 29000
1, 29000
1, 29000
1, 29000
1, 29000
1, 29000
1, 29000
1, 29000
1, 29000
1, 29000
1, 29000
1, 29000
1, 29000
1, 29000
1, 29000
1, 29000
1, 29000
1, 29000
1, 29000
1, 29000
1, 29000
1, 29000
1, 29000
1, 29000
1, 29000
1, 29000
1, 29000
1, 29000
1, 29000
1, 29000
1, 29000
1, 29000
1, 29000
1, 29000
1, 29000
1, 29000
1, 29000
1, 29000
1, 29000
1, 29000
1, 29000
51, 2, -10
99, 2, -10
100, 2, -10
147, 2, -10
148, 2, -10
194, 2, -10
195, 2, -10
240, 2, -10
241, 2, -10
285, 2, -10
286, 2, -10
329, 2, -10
330, 2, -10
372, 2, -10
373, 2, -10
414, 2, -10
415, 2, -10
455, 2, -10
456, 2, -10
495, 2, -10
496, 2, -10
534, 2, -10
535, 2, -10
572, 2, -10
573, 2, -10
609, 2, -10
610, 2, -10
645, 2, -10
646, 2, -10
680, 2, -10
681, 2, -10
714, 2, -10
715, 2, -10
747, 2, -10
748, 2, -10
779, 2, -10
780, 2, -10
810, 2, -10
811, 2, -10
840, 2, -10
841, 2, -10
869, 2, -10
870, 2, -10
897, 2, -10
898, 2, -10
924, 2, -10
925, 2, -10
950, 2, -10
951, 2, -10
975, 2, -10
976, 2, -10
999, 2, -10
1000, 2, -10
1022, 2, -10
1023, 2, -10
1044, 2, -10
1045, 2, -10
1065, 2, -10
1066, 2, -10
1085, 2, -10
1086, 2, -10
1104, 2, -10
1105, 2, -10
1122, 2, -10
1123, 2, -10
1139, 2, -10
1140, 2, -10
1155, 2, -10
1156, 2, -10
1170, 2, -10
1171, 2, -10
1184, 2, -10
1185, 2, -10
1197, 2, -10
1198, 2, -10
1209, 2, -10
1210, 2, -10
1220, 2, -10
1221, 2, -10
1230, 2, -10
1231, 2, -10
1239, 2, -10
1240, 2, -10
1247, 2, -10
1248, 2, -10
1254, 2, -10
1255, 2, -10
1260, 2, -10
1261, 2, -10
1265, 2, -10
1266, 2, -10
1269, 2, -10
1270, 2, -10
1272, 2, -10
1273, 2, -10
1274, 2, -10
1275, 2, -10
0, 0, 0
2, 0.1, 0.1 
200 
0.001, 0.001