20, 15
1, 6
2, 6
2, 7
3, 7
3, 8
4, 8
4, 9
5, 9
6, 10
7, 10
7, 11
8, 11
8, 12
9, 12
10, 13
11, 13
11, 14
12, 14
13, 15
14, 15
1, 1
1, 2
1, 3
2, 1
2, 2
2, 3
3, 1
3, 2
3, 3
4, 1
4, 2
4, 3
5, 1
5, 2
5, 3
6, 3
7, 3
8, 3
9, 3
10, 3
11, 3
12, 3
13, 3
14, 3
15, 3
0, 0
0, 0, 0
10, 0, 0
20, 0, 0
30, 0, 0
40, 0, 0
5, 5, 0
15, 5, 0
25, 5, 0
35, 5, 0
10, 10, 0
20, 10, 0
30, 10, 0
15, 15, 0
25, 15, 0
20, 20, 0
1, 29000
1, 29000
1, 29000
1, 29000
1, 29000
1, 29000
1, 29000
1, 29000
1, 29000
1, 29000
1, 29000
1, 29000
1, 29000
1, 29000
1, 29000
1, 29000
1, 29000
1, 29000
1, 29000
1, 29000
6, 2, -10
7, 2, -10
8, 2, -10
9, 2, -10
10, 2, -10
11, 2, -10
12, 2, -10
13, 2, -10
14, 2, -10
15, 2, -10
0, 0, 0
2, 0.1, 0.1 
200 
0.001, 0.001