999, 1000
1, 2
2, 3
3, 4
4, 5
5, 6
6, 7
7, 8
8, 9
9, 10
10, 11
11, 12
12, 13
13, 14
14, 15
15, 16
16, 17
17, 18
18, 19
19, 20
20, 21
21, 22
22, 23
23, 24
24, 25
25, 26
26, 27
27, 28
28, 29
29, 30
30, 31
31, 32
32, 33
33, 34
34, 35
35, 36
36, 37
37, 38
38, 39
39, 40
40, 41
41, 42
42, 43
43, 44
44, 45
45, 46
46, 47
47, 48
48, 49
49, 50
50, 51
51, 52
52, 53
53, 54
54, 55
55, 56
56, 57
57, 58
58, 59
59, 60
60, 61
61, 62
62, 63
63, 64
64, 65
65, 66
66, 67
67, 68
68, 69
69, 70
70, 71
71, 72
72, 73
73, 74
74, 75
75, 76
76, 77
77, 78
78, 79
79, 80
80, 81
81, 82
82, 83
83, 84
84, 85
85, 86
86, 87
87, 88
88, 89
89, 90
90, 91
91, 92
92, 93
93, 94
94, 95
95, 96
96, 97
97, 98
98, 99
99, 100
100, 101
101, 102
102, 103
103, 104
104, 105
105, 106
106, 107
107, 108
108, 109
109, 110
110, 111
111, 112
112, 113
113, 114
114, 115
115, 116
116, 117
117, 118
118, 119
119, 120
120, 121
121, 122
122, 123
123, 124
124, 125
125, 126
126, 127
127, 128
128, 129
129, 130
130, 131
131, 132
132, 133
133, 134
134, 135
135, 136
136, 137
137, 138
138, 139
139, 140
140, 141
141, 142
142, 143
143, 144
144, 145
145, 146
146, 147
147, 148
148, 149
149, 150
150, 151
151, 152
152, 153
153, 154
154, 155
155, 156
156, 157
157, 158
158, 159
159, 160
160, 161
161, 162
162, 163
163, 164
164, 165
165, 166
166, 167
167, 168
168, 169
169, 170
170, 171
171, 172
172, 173
173, 174
174, 175
175, 176
176, 177
177, 178
178, 179
179, 180
180, 181
181, 182
182, 183
183, 184
184, 185
185, 186
186, 187
187, 188
188, 189
189, 190
190, 191
191, 192
192, 193
193, 194
194, 195
195, 196
196, 197
197, 198
198, 199
199, 200
200, 201
201, 202
202, 203
203, 204
204, 205
205, 206
206, 207
207, 208
208, 209
209, 210
210, 211
211, 212
212, 213
213, 214
214, 215
215, 216
216, 217
217, 218
218, 219
219, 220
220, 221
221, 222
222, 223
223, 224
224, 225
225, 226
226, 227
227, 228
228, 229
229, 230
230, 231
231, 232
232, 233
233, 234
234, 235
235, 236
236, 237
237, 238
238, 239
239, 240
240, 241
241, 242
242, 243
243, 244
244, 245
245, 246
246, 247
247, 248
248, 249
249, 250
250, 251
251, 252
252, 253
253, 254
254, 255
255, 256
256, 257
257, 258
258, 259
259, 260
260, 261
261, 262
262, 263
263, 264
264, 265
265, 266
266, 267
267, 268
268, 269
269, 270
270, 271
271, 272
272, 273
273, 274
274, 275
275, 276
276, 277
277, 278
278, 279
279, 280
280, 281
281, 282
282, 283
283, 284
284, 285
285, 286
286, 287
287, 288
288, 289
289, 290
290, 291
291, 292
292, 293
293, 294
294, 295
295, 296
296, 297
297, 298
298, 299
299, 300
300, 301
301, 302
302, 303
303, 304
304, 305
305, 306
306, 307
307, 308
308, 309
309, 310
310, 311
311, 312
312, 313
313, 314
314, 315
315, 316
316, 317
317, 318
318, 319
319, 320
320, 321
321, 322
322, 323
323, 324
324, 325
325, 326
326, 327
327, 328
328, 329
329, 330
330, 331
331, 332
332, 333
333, 334
334, 335
335, 336
336, 337
337, 338
338, 339
339, 340
340, 341
341, 342
342, 343
343, 344
344, 345
345, 346
346, 347
347, 348
348, 349
349, 350
350, 351
351, 352
352, 353
353, 354
354, 355
355, 356
356, 357
357, 358
358, 359
359, 360
360, 361
361, 362
362, 363
363, 364
364, 365
365, 366
366, 367
367, 368
368, 369
369, 370
370, 371
371, 372
372, 373
373, 374
374, 375
375, 376
376, 377
377, 378
378, 379
379, 380
380, 381
381, 382
382, 383
383, 384
384, 385
385, 386
386, 387
387, 388
388, 389
389, 390
390, 391
391, 392
392, 393
393, 394
394, 395
395, 396
396, 397
397, 398
398, 399
399, 400
400, 401
401, 402
402, 403
403, 404
404, 405
405, 406
406, 407
407, 408
408, 409
409, 410
410, 411
411, 412
412, 413
413, 414
414, 415
415, 416
416, 417
417, 418
418, 419
419, 420
420, 421
421, 422
422, 423
423, 424
424, 425
425, 426
426, 427
427, 428
428, 429
429, 430
430, 431
431, 432
432, 433
433, 434
434, 435
435, 436
436, 437
437, 438
438, 439
439, 440
440, 441
441, 442
442, 443
443, 444
444, 445
445, 446
446, 447
447, 448
448, 449
449, 450
450, 451
451, 452
452, 453
453, 454
454, 455
455, 456
456, 457
457, 458
458, 459
459, 460
460, 461
461, 462
462, 463
463, 464
464, 465
465, 466
466, 467
467, 468
468, 469
469, 470
470, 471
471, 472
472, 473
473, 474
474, 475
475, 476
476, 477
477, 478
478, 479
479, 480
480, 481
481, 482
482, 483
483, 484
484, 485
485, 486
486, 487
487, 488
488, 489
489, 490
490, 491
491, 492
492, 493
493, 494
494, 495
495, 496
496, 497
497, 498
498, 499
499, 500
500, 501
501, 502
502, 503
503, 504
504, 505
505, 506
506, 507
507, 508
508, 509
509, 510
510, 511
511, 512
512, 513
513, 514
514, 515
515, 516
516, 517
517, 518
518, 519
519, 520
520, 521
521, 522
522, 523
523, 524
524, 525
525, 526
526, 527
527, 528
528, 529
529, 530
530, 531
531, 532
532, 533
533, 534
534, 535
535, 536
536, 537
537, 538
538, 539
539, 540
540, 541
541, 542
542, 543
543, 544
544, 545
545, 546
546, 547
547, 548
548, 549
549, 550
550, 551
551, 552
552, 553
553, 554
554, 555
555, 556
556, 557
557, 558
558, 559
559, 560
560, 561
561, 562
562, 563
563, 564
564, 565
565, 566
566, 567
567, 568
568, 569
569, 570
570, 571
571, 572
572, 573
573, 574
574, 575
575, 576
576, 577
577, 578
578, 579
579, 580
580, 581
581, 582
582, 583
583, 584
584, 585
585, 586
586, 587
587, 588
588, 589
589, 590
590, 591
591, 592
592, 593
593, 594
594, 595
595, 596
596, 597
597, 598
598, 599
599, 600
600, 601
601, 602
602, 603
603, 604
604, 605
605, 606
606, 607
607, 608
608, 609
609, 610
610, 611
611, 612
612, 613
613, 614
614, 615
615, 616
616, 617
617, 618
618, 619
619, 620
620, 621
621, 622
622, 623
623, 624
624, 625
625, 626
626, 627
627, 628
628, 629
629, 630
630, 631
631, 632
632, 633
633, 634
634, 635
635, 636
636, 637
637, 638
638, 639
639, 640
640, 641
641, 642
642, 643
643, 644
644, 645
645, 646
646, 647
647, 648
648, 649
649, 650
650, 651
651, 652
652, 653
653, 654
654, 655
655, 656
656, 657
657, 658
658, 659
659, 660
660, 661
661, 662
662, 663
663, 664
664, 665
665, 666
666, 667
667, 668
668, 669
669, 670
670, 671
671, 672
672, 673
673, 674
674, 675
675, 676
676, 677
677, 678
678, 679
679, 680
680, 681
681, 682
682, 683
683, 684
684, 685
685, 686
686, 687
687, 688
688, 689
689, 690
690, 691
691, 692
692, 693
693, 694
694, 695
695, 696
696, 697
697, 698
698, 699
699, 700
700, 701
701, 702
702, 703
703, 704
704, 705
705, 706
706, 707
707, 708
708, 709
709, 710
710, 711
711, 712
712, 713
713, 714
714, 715
715, 716
716, 717
717, 718
718, 719
719, 720
720, 721
721, 722
722, 723
723, 724
724, 725
725, 726
726, 727
727, 728
728, 729
729, 730
730, 731
731, 732
732, 733
733, 734
734, 735
735, 736
736, 737
737, 738
738, 739
739, 740
740, 741
741, 742
742, 743
743, 744
744, 745
745, 746
746, 747
747, 748
748, 749
749, 750
750, 751
751, 752
752, 753
753, 754
754, 755
755, 756
756, 757
757, 758
758, 759
759, 760
760, 761
761, 762
762, 763
763, 764
764, 765
765, 766
766, 767
767, 768
768, 769
769, 770
770, 771
771, 772
772, 773
773, 774
774, 775
775, 776
776, 777
777, 778
778, 779
779, 780
780, 781
781, 782
782, 783
783, 784
784, 785
785, 786
786, 787
787, 788
788, 789
789, 790
790, 791
791, 792
792, 793
793, 794
794, 795
795, 796
796, 797
797, 798
798, 799
799, 800
800, 801
801, 802
802, 803
803, 804
804, 805
805, 806
806, 807
807, 808
808, 809
809, 810
810, 811
811, 812
812, 813
813, 814
814, 815
815, 816
816, 817
817, 818
818, 819
819, 820
820, 821
821, 822
822, 823
823, 824
824, 825
825, 826
826, 827
827, 828
828, 829
829, 830
830, 831
831, 832
832, 833
833, 834
834, 835
835, 836
836, 837
837, 838
838, 839
839, 840
840, 841
841, 842
842, 843
843, 844
844, 845
845, 846
846, 847
847, 848
848, 849
849, 850
850, 851
851, 852
852, 853
853, 854
854, 855
855, 856
856, 857
857, 858
858, 859
859, 860
860, 861
861, 862
862, 863
863, 864
864, 865
865, 866
866, 867
867, 868
868, 869
869, 870
870, 871
871, 872
872, 873
873, 874
874, 875
875, 876
876, 877
877, 878
878, 879
879, 880
880, 881
881, 882
882, 883
883, 884
884, 885
885, 886
886, 887
887, 888
888, 889
889, 890
890, 891
891, 892
892, 893
893, 894
894, 895
895, 896
896, 897
897, 898
898, 899
899, 900
900, 901
901, 902
902, 903
903, 904
904, 905
905, 906
906, 907
907, 908
908, 909
909, 910
910, 911
911, 912
912, 913
913, 914
914, 915
915, 916
916, 917
917, 918
918, 919
919, 920
920, 921
921, 922
922, 923
923, 924
924, 925
925, 926
926, 927
927, 928
928, 929
929, 930
930, 931
931, 932
932, 933
933, 934
934, 935
935, 936
936, 937
937, 938
938, 939
939, 940
940, 941
941, 942
942, 943
943, 944
944, 945
945, 946
946, 947
947, 948
948, 949
949, 950
950, 951
951, 952
952, 953
953, 954
954, 955
955, 956
956, 957
957, 958
958, 959
959, 960
960, 961
961, 962
962, 963
963, 964
964, 965
965, 966
966, 967
967, 968
968, 969
969, 970
970, 971
971, 972
972, 973
973, 974
974, 975
975, 976
976, 977
977, 978
978, 979
979, 980
980, 981
981, 982
982, 983
983, 984
984, 985
985, 986
986, 987
987, 988
988, 989
989, 990
990, 991
991, 992
992, 993
993, 994
994, 995
995, 996
996, 997
997, 998
998, 999
999, 1000
0, 0
10.000000, 0.000000, 0.000000
20.000000, 2.000000, 0.000000
30.000000, 0.000000, 0.000000
40.000000, 2.000000, 0.000000
50.000000, 0.000000, 0.000000
60.000000, 2.000000, 0.000000
70.000000, 0.000000, 0.000000
80.000000, 2.000000, 0.000000
90.000000, 0.000000, 0.000000
100.000000, 2.000000, 0.000000
110.000000, 0.000000, 0.000000
120.000000, 2.000000, 0.000000
130.000000, 0.000000, 0.000000
140.000000, 2.000000, 0.000000
150.000000, 0.000000, 0.000000
160.000000, 2.000000, 0.000000
170.000000, 0.000000, 0.000000
180.000000, 2.000000, 0.000000
190.000000, 0.000000, 0.000000
200.000000, 2.000000, 0.000000
210.000000, 0.000000, 0.000000
220.000000, 2.000000, 0.000000
230.000000, 0.000000, 0.000000
240.000000, 2.000000, 0.000000
250.000000, 0.000000, 0.000000
260.000000, 2.000000, 0.000000
270.000000, 0.000000, 0.000000
280.000000, 2.000000, 0.000000
290.000000, 0.000000, 0.000000
300.000000, 2.000000, 0.000000
310.000000, 0.000000, 0.000000
320.000000, 2.000000, 0.000000
330.000000, 0.000000, 0.000000
340.000000, 2.000000, 0.000000
350.000000, 0.000000, 0.000000
360.000000, 2.000000, 0.000000
370.000000, 0.000000, 0.000000
380.000000, 2.000000, 0.000000
390.000000, 0.000000, 0.000000
400.000000, 2.000000, 0.000000
410.000000, 0.000000, 0.000000
420.000000, 2.000000, 0.000000
430.000000, 0.000000, 0.000000
440.000000, 2.000000, 0.000000
450.000000, 0.000000, 0.000000
460.000000, 2.000000, 0.000000
470.000000, 0.000000, 0.000000
480.000000, 2.000000, 0.000000
490.000000, 0.000000, 0.000000
500.000000, 2.000000, 0.000000
510.000000, 0.000000, 0.000000
520.000000, 2.000000, 0.000000
530.000000, 0.000000, 0.000000
540.000000, 2.000000, 0.000000
550.000000, 0.000000, 0.000000
560.000000, 2.000000, 0.000000
570.000000, 0.000000, 0.000000
580.000000, 2.000000, 0.000000
590.000000, 0.000000, 0.000000
600.000000, 2.000000, 0.000000
610.000000, 0.000000, 0.000000
620.000000, 2.000000, 0.000000
630.000000, 0.000000, 0.000000
640.000000, 2.000000, 0.000000
650.000000, 0.000000, 0.000000
660.000000, 2.000000, 0.000000
670.000000, 0.000000, 0.000000
680.000000, 2.000000, 0.000000
690.000000, 0.000000, 0.000000
700.000000, 2.000000, 0.000000
710.000000, 0.000000, 0.000000
720.000000, 2.000000, 0.000000
730.000000, 0.000000, 0.000000
740.000000, 2.000000, 0.000000
750.000000, 0.000000, 0.000000
760.000000, 2.000000, 0.000000
770.000000, 0.000000, 0.000000
780.000000, 2.000000, 0.000000
790.000000, 0.000000, 0.000000
800.000000, 2.000000, 0.000000
810.000000, 0.000000, 0.000000
820.000000, 2.000000, 0.000000
830.000000, 0.000000, 0.000000
840.000000, 2.000000, 0.000000
850.000000, 0.000000, 0.000000
860.000000, 2.000000, 0.000000
870.000000, 0.000000, 0.000000
880.000000, 2.000000, 0.000000
890.000000, 0.000000, 0.000000
900.000000, 2.000000, 0.000000
910.000000, 0.000000, 0.000000
920.000000, 2.000000, 0.000000
930.000000, 0.000000, 0.000000
940.000000, 2.000000, 0.000000
950.000000, 0.000000, 0.000000
960.000000, 2.000000, 0.000000
970.000000, 0.000000, 0.000000
980.000000, 2.000000, 0.000000
990.000000, 0.000000, 0.000000
1000.000000, 2.000000, 0.000000
1010.000000, 0.000000, 0.000000
1020.000000, 2.000000, 0.000000
1030.000000, 0.000000, 0.000000
1040.000000, 2.000000, 0.000000
1050.000000, 0.000000, 0.000000
1060.000000, 2.000000, 0.000000
1070.000000, 0.000000, 0.000000
1080.000000, 2.000000, 0.000000
1090.000000, 0.000000, 0.000000
1100.000000, 2.000000, 0.000000
1110.000000, 0.000000, 0.000000
1120.000000, 2.000000, 0.000000
1130.000000, 0.000000, 0.000000
1140.000000, 2.000000, 0.000000
1150.000000, 0.000000, 0.000000
1160.000000, 2.000000, 0.000000
1170.000000, 0.000000, 0.000000
1180.000000, 2.000000, 0.000000
1190.000000, 0.000000, 0.000000
1200.000000, 2.000000, 0.000000
1210.000000, 0.000000, 0.000000
1220.000000, 2.000000, 0.000000
1230.000000, 0.000000, 0.000000
1240.000000, 2.000000, 0.000000
1250.000000, 0.000000, 0.000000
1260.000000, 2.000000, 0.000000
1270.000000, 0.000000, 0.000000
1280.000000, 2.000000, 0.000000
1290.000000, 0.000000, 0.000000
1300.000000, 2.000000, 0.000000
1310.000000, 0.000000, 0.000000
1320.000000, 2.000000, 0.000000
1330.000000, 0.000000, 0.000000
1340.000000, 2.000000, 0.000000
1350.000000, 0.000000, 0.000000
1360.000000, 2.000000, 0.000000
1370.000000, 0.000000, 0.000000
1380.000000, 2.000000, 0.000000
1390.000000, 0.000000, 0.000000
1400.000000, 2.000000, 0.000000
1410.000000, 0.000000, 0.000000
1420.000000, 2.000000, 0.000000
1430.000000, 0.000000, 0.000000
1440.000000, 2.000000, 0.000000
1450.000000, 0.000000, 0.000000
1460.000000, 2.000000, 0.000000
1470.000000, 0.000000, 0.000000
1480.000000, 2.000000, 0.000000
1490.000000, 0.000000, 0.000000
1500.000000, 2.000000, 0.000000
1510.000000, 0.000000, 0.000000
1520.000000, 2.000000, 0.000000
1530.000000, 0.000000, 0.000000
1540.000000, 2.000000, 0.000000
1550.000000, 0.000000, 0.000000
1560.000000, 2.000000, 0.000000
1570.000000, 0.000000, 0.000000
1580.000000, 2.000000, 0.000000
1590.000000, 0.000000, 0.000000
1600.000000, 2.000000, 0.000000
1610.000000, 0.000000, 0.000000
1620.000000, 2.000000, 0.000000
1630.000000, 0.000000, 0.000000
1640.000000, 2.000000, 0.000000
1650.000000, 0.000000, 0.000000
1660.000000, 2.000000, 0.000000
1670.000000, 0.000000, 0.000000
1680.000000, 2.000000, 0.000000
1690.000000, 0.000000, 0.000000
1700.000000, 2.000000, 0.000000
1710.000000, 0.000000, 0.000000
1720.000000, 2.000000, 0.000000
1730.000000, 0.000000, 0.000000
1740.000000, 2.000000, 0.000000
1750.000000, 0.000000, 0.000000
1760.000000, 2.000000, 0.000000
1770.000000, 0.000000, 0.000000
1780.000000, 2.000000, 0.000000
1790.000000, 0.000000, 0.000000
1800.000000, 2.000000, 0.000000
1810.000000, 0.000000, 0.000000
1820.000000, 2.000000, 0.000000
1830.000000, 0.000000, 0.000000
1840.000000, 2.000000, 0.000000
1850.000000, 0.000000, 0.000000
1860.000000, 2.000000, 0.000000
1870.000000, 0.000000, 0.000000
1880.000000, 2.000000, 0.000000
1890.000000, 0.000000, 0.000000
1900.000000, 2.000000, 0.000000
1910.000000, 0.000000, 0.000000
1920.000000, 2.000000, 0.000000
1930.000000, 0.000000, 0.000000
1940.000000, 2.000000, 0.000000
1950.000000, 0.000000, 0.000000
1960.000000, 2.000000, 0.000000
1970.000000, 0.000000, 0.000000
1980.000000, 2.000000, 0.000000
1990.000000, 0.000000, 0.000000
2000.000000, 2.000000, 0.000000
2010.000000, 0.000000, 0.000000
2020.000000, 2.000000, 0.000000
2030.000000, 0.000000, 0.000000
2040.000000, 2.000000, 0.000000
2050.000000, 0.000000, 0.000000
2060.000000, 2.000000, 0.000000
2070.000000, 0.000000, 0.000000
2080.000000, 2.000000, 0.000000
2090.000000, 0.000000, 0.000000
2100.000000, 2.000000, 0.000000
2110.000000, 0.000000, 0.000000
2120.000000, 2.000000, 0.000000
2130.000000, 0.000000, 0.000000
2140.000000, 2.000000, 0.000000
2150.000000, 0.000000, 0.000000
2160.000000, 2.000000, 0.000000
2170.000000, 0.000000, 0.000000
2180.000000, 2.000000, 0.000000
2190.000000, 0.000000, 0.000000
2200.000000, 2.000000, 0.000000
2210.000000, 0.000000, 0.000000
2220.000000, 2.000000, 0.000000
2230.000000, 0.000000, 0.000000
2240.000000, 2.000000, 0.000000
2250.000000, 0.000000, 0.000000
2260.000000, 2.000000, 0.000000
2270.000000, 0.000000, 0.000000
2280.000000, 2.000000, 0.000000
2290.000000, 0.000000, 0.000000
2300.000000, 2.000000, 0.000000
2310.000000, 0.000000, 0.000000
2320.000000, 2.000000, 0.000000
2330.000000, 0.000000, 0.000000
2340.000000, 2.000000, 0.000000
2350.000000, 0.000000, 0.000000
2360.000000, 2.000000, 0.000000
2370.000000, 0.000000, 0.000000
2380.000000, 2.000000, 0.000000
2390.000000, 0.000000, 0.000000
2400.000000, 2.000000, 0.000000
2410.000000, 0.000000, 0.000000
2420.000000, 2.000000, 0.000000
2430.000000, 0.000000, 0.000000
2440.000000, 2.000000, 0.000000
2450.000000, 0.000000, 0.000000
2460.000000, 2.000000, 0.000000
2470.000000, 0.000000, 0.000000
2480.000000, 2.000000, 0.000000
2490.000000, 0.000000, 0.000000
2500.000000, 2.000000, 0.000000
2510.000000, 0.000000, 0.000000
2520.000000, 2.000000, 0.000000
2530.000000, 0.000000, 0.000000
2540.000000, 2.000000, 0.000000
2550.000000, 0.000000, 0.000000
2560.000000, 2.000000, 0.000000
2570.000000, 0.000000, 0.000000
2580.000000, 2.000000, 0.000000
2590.000000, 0.000000, 0.000000
2600.000000, 2.000000, 0.000000
2610.000000, 0.000000, 0.000000
2620.000000, 2.000000, 0.000000
2630.000000, 0.000000, 0.000000
2640.000000, 2.000000, 0.000000
2650.000000, 0.000000, 0.000000
2660.000000, 2.000000, 0.000000
2670.000000, 0.000000, 0.000000
2680.000000, 2.000000, 0.000000
2690.000000, 0.000000, 0.000000
2700.000000, 2.000000, 0.000000
2710.000000, 0.000000, 0.000000
2720.000000, 2.000000, 0.000000
2730.000000, 0.000000, 0.000000
2740.000000, 2.000000, 0.000000
2750.000000, 0.000000, 0.000000
2760.000000, 2.000000, 0.000000
2770.000000, 0.000000, 0.000000
2780.000000, 2.000000, 0.000000
2790.000000, 0.000000, 0.000000
2800.000000, 2.000000, 0.000000
2810.000000, 0.000000, 0.000000
2820.000000, 2.000000, 0.000000
2830.000000, 0.000000, 0.000000
2840.000000, 2.000000, 0.000000
2850.000000, 0.000000, 0.000000
2860.000000, 2.000000, 0.000000
2870.000000, 0.000000, 0.000000
2880.000000, 2.000000, 0.000000
2890.000000, 0.000000, 0.000000
2900.000000, 2.000000, 0.000000
2910.000000, 0.000000, 0.000000
2920.000000, 2.000000, 0.000000
2930.000000, 0.000000, 0.000000
2940.000000, 2.000000, 0.000000
2950.000000, 0.000000, 0.000000
2960.000000, 2.000000, 0.000000
2970.000000, 0.000000, 0.000000
2980.000000, 2.000000, 0.000000
2990.000000, 0.000000, 0.000000
3000.000000, 2.000000, 0.000000
3010.000000, 0.000000, 0.000000
3020.000000, 2.000000, 0.000000
3030.000000, 0.000000, 0.000000
3040.000000, 2.000000, 0.000000
3050.000000, 0.000000, 0.000000
3060.000000, 2.000000, 0.000000
3070.000000, 0.000000, 0.000000
3080.000000, 2.000000, 0.000000
3090.000000, 0.000000, 0.000000
3100.000000, 2.000000, 0.000000
3110.000000, 0.000000, 0.000000
3120.000000, 2.000000, 0.000000
3130.000000, 0.000000, 0.000000
3140.000000, 2.000000, 0.000000
3150.000000, 0.000000, 0.000000
3160.000000, 2.000000, 0.000000
3170.000000, 0.000000, 0.000000
3180.000000, 2.000000, 0.000000
3190.000000, 0.000000, 0.000000
3200.000000, 2.000000, 0.000000
3210.000000, 0.000000, 0.000000
3220.000000, 2.000000, 0.000000
3230.000000, 0.000000, 0.000000
3240.000000, 2.000000, 0.000000
3250.000000, 0.000000, 0.000000
3260.000000, 2.000000, 0.000000
3270.000000, 0.000000, 0.000000
3280.000000, 2.000000, 0.000000
3290.000000, 0.000000, 0.000000
3300.000000, 2.000000, 0.000000
3310.000000, 0.000000, 0.000000
3320.000000, 2.000000, 0.000000
3330.000000, 0.000000, 0.000000
3340.000000, 2.000000, 0.000000
3350.000000, 0.000000, 0.000000
3360.000000, 2.000000, 0.000000
3370.000000, 0.000000, 0.000000
3380.000000, 2.000000, 0.000000
3390.000000, 0.000000, 0.000000
3400.000000, 2.000000, 0.000000
3410.000000, 0.000000, 0.000000
3420.000000, 2.000000, 0.000000
3430.000000, 0.000000, 0.000000
3440.000000, 2.000000, 0.000000
3450.000000, 0.000000, 0.000000
3460.000000, 2.000000, 0.000000
3470.000000, 0.000000, 0.000000
3480.000000, 2.000000, 0.000000
3490.000000, 0.000000, 0.000000
3500.000000, 2.000000, 0.000000
3510.000000, 0.000000, 0.000000
3520.000000, 2.000000, 0.000000
3530.000000, 0.000000, 0.000000
3540.000000, 2.000000, 0.000000
3550.000000, 0.000000, 0.000000
3560.000000, 2.000000, 0.000000
3570.000000, 0.000000, 0.000000
3580.000000, 2.000000, 0.000000
3590.000000, 0.000000, 0.000000
3600.000000, 2.000000, 0.000000
3610.000000, 0.000000, 0.000000
3620.000000, 2.000000, 0.000000
3630.000000, 0.000000, 0.000000
3640.000000, 2.000000, 0.000000
3650.000000, 0.000000, 0.000000
3660.000000, 2.000000, 0.000000
3670.000000, 0.000000, 0.000000
3680.000000, 2.000000, 0.000000
3690.000000, 0.000000, 0.000000
3700.000000, 2.000000, 0.000000
3710.000000, 0.000000, 0.000000
3720.000000, 2.000000, 0.000000
3730.000000, 0.000000, 0.000000
3740.000000, 2.000000, 0.000000
3750.000000, 0.000000, 0.000000
3760.000000, 2.000000, 0.000000
3770.000000, 0.000000, 0.000000
3780.000000, 2.000000, 0.000000
3790.000000, 0.000000, 0.000000
3800.000000, 2.000000, 0.000000
3810.000000, 0.000000, 0.000000
3820.000000, 2.000000, 0.000000
3830.000000, 0.000000, 0.000000
3840.000000, 2.000000, 0.000000
3850.000000, 0.000000, 0.000000
3860.000000, 2.000000, 0.000000
3870.000000, 0.000000, 0.000000
3880.000000, 2.000000, 0.000000
3890.000000, 0.000000, 0.000000
3900.000000, 2.000000, 0.000000
3910.000000, 0.000000, 0.000000
3920.000000, 2.000000, 0.000000
3930.000000, 0.000000, 0.000000
3940.000000, 2.000000, 0.000000
3950.000000, 0.000000, 0.000000
3960.000000, 2.000000, 0.000000
3970.000000, 0.000000, 0.000000
3980.000000, 2.000000, 0.000000
3990.000000, 0.000000, 0.000000
4000.000000, 2.000000, 0.000000
4010.000000, 0.000000, 0.000000
4020.000000, 2.000000, 0.000000
4030.000000, 0.000000, 0.000000
4040.000000, 2.000000, 0.000000
4050.000000, 0.000000, 0.000000
4060.000000, 2.000000, 0.000000
4070.000000, 0.000000, 0.000000
4080.000000, 2.000000, 0.000000
4090.000000, 0.000000, 0.000000
4100.000000, 2.000000, 0.000000
4110.000000, 0.000000, 0.000000
4120.000000, 2.000000, 0.000000
4130.000000, 0.000000, 0.000000
4140.000000, 2.000000, 0.000000
4150.000000, 0.000000, 0.000000
4160.000000, 2.000000, 0.000000
4170.000000, 0.000000, 0.000000
4180.000000, 2.000000, 0.000000
4190.000000, 0.000000, 0.000000
4200.000000, 2.000000, 0.000000
4210.000000, 0.000000, 0.000000
4220.000000, 2.000000, 0.000000
4230.000000, 0.000000, 0.000000
4240.000000, 2.000000, 0.000000
4250.000000, 0.000000, 0.000000
4260.000000, 2.000000, 0.000000
4270.000000, 0.000000, 0.000000
4280.000000, 2.000000, 0.000000
4290.000000, 0.000000, 0.000000
4300.000000, 2.000000, 0.000000
4310.000000, 0.000000, 0.000000
4320.000000, 2.000000, 0.000000
4330.000000, 0.000000, 0.000000
4340.000000, 2.000000, 0.000000
4350.000000, 0.000000, 0.000000
4360.000000, 2.000000, 0.000000
4370.000000, 0.000000, 0.000000
4380.000000, 2.000000, 0.000000
4390.000000, 0.000000, 0.000000
4400.000000, 2.000000, 0.000000
4410.000000, 0.000000, 0.000000
4420.000000, 2.000000, 0.000000
4430.000000, 0.000000, 0.000000
4440.000000, 2.000000, 0.000000
4450.000000, 0.000000, 0.000000
4460.000000, 2.000000, 0.000000
4470.000000, 0.000000, 0.000000
4480.000000, 2.000000, 0.000000
4490.000000, 0.000000, 0.000000
4500.000000, 2.000000, 0.000000
4510.000000, 0.000000, 0.000000
4520.000000, 2.000000, 0.000000
4530.000000, 0.000000, 0.000000
4540.000000, 2.000000, 0.000000
4550.000000, 0.000000, 0.000000
4560.000000, 2.000000, 0.000000
4570.000000, 0.000000, 0.000000
4580.000000, 2.000000, 0.000000
4590.000000, 0.000000, 0.000000
4600.000000, 2.000000, 0.000000
4610.000000, 0.000000, 0.000000
4620.000000, 2.000000, 0.000000
4630.000000, 0.000000, 0.000000
4640.000000, 2.000000, 0.000000
4650.000000, 0.000000, 0.000000
4660.000000, 2.000000, 0.000000
4670.000000, 0.000000, 0.000000
4680.000000, 2.000000, 0.000000
4690.000000, 0.000000, 0.000000
4700.000000, 2.000000, 0.000000
4710.000000, 0.000000, 0.000000
4720.000000, 2.000000, 0.000000
4730.000000, 0.000000, 0.000000
4740.000000, 2.000000, 0.000000
4750.000000, 0.000000, 0.000000
4760.000000, 2.000000, 0.000000
4770.000000, 0.000000, 0.000000
4780.000000, 2.000000, 0.000000
4790.000000, 0.000000, 0.000000
4800.000000, 2.000000, 0.000000
4810.000000, 0.000000, 0.000000
4820.000000, 2.000000, 0.000000
4830.000000, 0.000000, 0.000000
4840.000000, 2.000000, 0.000000
4850.000000, 0.000000, 0.000000
4860.000000, 2.000000, 0.000000
4870.000000, 0.000000, 0.000000
4880.000000, 2.000000, 0.000000
4890.000000, 0.000000, 0.000000
4900.000000, 2.000000, 0.000000
4910.000000, 0.000000, 0.000000
4920.000000, 2.000000, 0.000000
4930.000000, 0.000000, 0.000000
4940.000000, 2.000000, 0.000000
4950.000000, 0.000000, 0.000000
4960.000000, 2.000000, 0.000000
4970.000000, 0.000000, 0.000000
4980.000000, 2.000000, 0.000000
4990.000000, 0.000000, 0.000000
5000.000000, 2.000000, 0.000000
5010.000000, 0.000000, 0.000000
5020.000000, 2.000000, 0.000000
5030.000000, 0.000000, 0.000000
5040.000000, 2.000000, 0.000000
5050.000000, 0.000000, 0.000000
5060.000000, 2.000000, 0.000000
5070.000000, 0.000000, 0.000000
5080.000000, 2.000000, 0.000000
5090.000000, 0.000000, 0.000000
5100.000000, 2.000000, 0.000000
5110.000000, 0.000000, 0.000000
5120.000000, 2.000000, 0.000000
5130.000000, 0.000000, 0.000000
5140.000000, 2.000000, 0.000000
5150.000000, 0.000000, 0.000000
5160.000000, 2.000000, 0.000000
5170.000000, 0.000000, 0.000000
5180.000000, 2.000000, 0.000000
5190.000000, 0.000000, 0.000000
5200.000000, 2.000000, 0.000000
5210.000000, 0.000000, 0.000000
5220.000000, 2.000000, 0.000000
5230.000000, 0.000000, 0.000000
5240.000000, 2.000000, 0.000000
5250.000000, 0.000000, 0.000000
5260.000000, 2.000000, 0.000000
5270.000000, 0.000000, 0.000000
5280.000000, 2.000000, 0.000000
5290.000000, 0.000000, 0.000000
5300.000000, 2.000000, 0.000000
5310.000000, 0.000000, 0.000000
5320.000000, 2.000000, 0.000000
5330.000000, 0.000000, 0.000000
5340.000000, 2.000000, 0.000000
5350.000000, 0.000000, 0.000000
5360.000000, 2.000000, 0.000000
5370.000000, 0.000000, 0.000000
5380.000000, 2.000000, 0.000000
5390.000000, 0.000000, 0.000000
5400.000000, 2.000000, 0.000000
5410.000000, 0.000000, 0.000000
5420.000000, 2.000000, 0.000000
5430.000000, 0.000000, 0.000000
5440.000000, 2.000000, 0.000000
5450.000000, 0.000000, 0.000000
5460.000000, 2.000000, 0.000000
5470.000000, 0.000000, 0.000000
5480.000000, 2.000000, 0.000000
5490.000000, 0.000000, 0.000000
5500.000000, 2.000000, 0.000000
5510.000000, 0.000000, 0.000000
5520.000000, 2.000000, 0.000000
5530.000000, 0.000000, 0.000000
5540.000000, 2.000000, 0.000000
5550.000000, 0.000000, 0.000000
5560.000000, 2.000000, 0.000000
5570.000000, 0.000000, 0.000000
5580.000000, 2.000000, 0.000000
5590.000000, 0.000000, 0.000000
5600.000000, 2.000000, 0.000000
5610.000000, 0.000000, 0.000000
5620.000000, 2.000000, 0.000000
5630.000000, 0.000000, 0.000000
5640.000000, 2.000000, 0.000000
5650.000000, 0.000000, 0.000000
5660.000000, 2.000000, 0.000000
5670.000000, 0.000000, 0.000000
5680.000000, 2.000000, 0.000000
5690.000000, 0.000000, 0.000000
5700.000000, 2.000000, 0.000000
5710.000000, 0.000000, 0.000000
5720.000000, 2.000000, 0.000000
5730.000000, 0.000000, 0.000000
5740.000000, 2.000000, 0.000000
5750.000000, 0.000000, 0.000000
5760.000000, 2.000000, 0.000000
5770.000000, 0.000000, 0.000000
5780.000000, 2.000000, 0.000000
5790.000000, 0.000000, 0.000000
5800.000000, 2.000000, 0.000000
5810.000000, 0.000000, 0.000000
5820.000000, 2.000000, 0.000000
5830.000000, 0.000000, 0.000000
5840.000000, 2.000000, 0.000000
5850.000000, 0.000000, 0.000000
5860.000000, 2.000000, 0.000000
5870.000000, 0.000000, 0.000000
5880.000000, 2.000000, 0.000000
5890.000000, 0.000000, 0.000000
5900.000000, 2.000000, 0.000000
5910.000000, 0.000000, 0.000000
5920.000000, 2.000000, 0.000000
5930.000000, 0.000000, 0.000000
5940.000000, 2.000000, 0.000000
5950.000000, 0.000000, 0.000000
5960.000000, 2.000000, 0.000000
5970.000000, 0.000000, 0.000000
5980.000000, 2.000000, 0.000000
5990.000000, 0.000000, 0.000000
6000.000000, 2.000000, 0.000000
6010.000000, 0.000000, 0.000000
6020.000000, 2.000000, 0.000000
6030.000000, 0.000000, 0.000000
6040.000000, 2.000000, 0.000000
6050.000000, 0.000000, 0.000000
6060.000000, 2.000000, 0.000000
6070.000000, 0.000000, 0.000000
6080.000000, 2.000000, 0.000000
6090.000000, 0.000000, 0.000000
6100.000000, 2.000000, 0.000000
6110.000000, 0.000000, 0.000000
6120.000000, 2.000000, 0.000000
6130.000000, 0.000000, 0.000000
6140.000000, 2.000000, 0.000000
6150.000000, 0.000000, 0.000000
6160.000000, 2.000000, 0.000000
6170.000000, 0.000000, 0.000000
6180.000000, 2.000000, 0.000000
6190.000000, 0.000000, 0.000000
6200.000000, 2.000000, 0.000000
6210.000000, 0.000000, 0.000000
6220.000000, 2.000000, 0.000000
6230.000000, 0.000000, 0.000000
6240.000000, 2.000000, 0.000000
6250.000000, 0.000000, 0.000000
6260.000000, 2.000000, 0.000000
6270.000000, 0.000000, 0.000000
6280.000000, 2.000000, 0.000000
6290.000000, 0.000000, 0.000000
6300.000000, 2.000000, 0.000000
6310.000000, 0.000000, 0.000000
6320.000000, 2.000000, 0.000000
6330.000000, 0.000000, 0.000000
6340.000000, 2.000000, 0.000000
6350.000000, 0.000000, 0.000000
6360.000000, 2.000000, 0.000000
6370.000000, 0.000000, 0.000000
6380.000000, 2.000000, 0.000000
6390.000000, 0.000000, 0.000000
6400.000000, 2.000000, 0.000000
6410.000000, 0.000000, 0.000000
6420.000000, 2.000000, 0.000000
6430.000000, 0.000000, 0.000000
6440.000000, 2.000000, 0.000000
6450.000000, 0.000000, 0.000000
6460.000000, 2.000000, 0.000000
6470.000000, 0.000000, 0.000000
6480.000000, 2.000000, 0.000000
6490.000000, 0.000000, 0.000000
6500.000000, 2.000000, 0.000000
6510.000000, 0.000000, 0.000000
6520.000000, 2.000000, 0.000000
6530.000000, 0.000000, 0.000000
6540.000000, 2.000000, 0.000000
6550.000000, 0.000000, 0.000000
6560.000000, 2.000000, 0.000000
6570.000000, 0.000000, 0.000000
6580.000000, 2.000000, 0.000000
6590.000000, 0.000000, 0.000000
6600.000000, 2.000000, 0.000000
6610.000000, 0.000000, 0.000000
6620.000000, 2.000000, 0.000000
6630.000000, 0.000000, 0.000000
6640.000000, 2.000000, 0.000000
6650.000000, 0.000000, 0.000000
6660.000000, 2.000000, 0.000000
6670.000000, 0.000000, 0.000000
6680.000000, 2.000000, 0.000000
6690.000000, 0.000000, 0.000000
6700.000000, 2.000000, 0.000000
6710.000000, 0.000000, 0.000000
6720.000000, 2.000000, 0.000000
6730.000000, 0.000000, 0.000000
6740.000000, 2.000000, 0.000000
6750.000000, 0.000000, 0.000000
6760.000000, 2.000000, 0.000000
6770.000000, 0.000000, 0.000000
6780.000000, 2.000000, 0.000000
6790.000000, 0.000000, 0.000000
6800.000000, 2.000000, 0.000000
6810.000000, 0.000000, 0.000000
6820.000000, 2.000000, 0.000000
6830.000000, 0.000000, 0.000000
6840.000000, 2.000000, 0.000000
6850.000000, 0.000000, 0.000000
6860.000000, 2.000000, 0.000000
6870.000000, 0.000000, 0.000000
6880.000000, 2.000000, 0.000000
6890.000000, 0.000000, 0.000000
6900.000000, 2.000000, 0.000000
6910.000000, 0.000000, 0.000000
6920.000000, 2.000000, 0.000000
6930.000000, 0.000000, 0.000000
6940.000000, 2.000000, 0.000000
6950.000000, 0.000000, 0.000000
6960.000000, 2.000000, 0.000000
6970.000000, 0.000000, 0.000000
6980.000000, 2.000000, 0.000000
6990.000000, 0.000000, 0.000000
7000.000000, 2.000000, 0.000000
7010.000000, 0.000000, 0.000000
7020.000000, 2.000000, 0.000000
7030.000000, 0.000000, 0.000000
7040.000000, 2.000000, 0.000000
7050.000000, 0.000000, 0.000000
7060.000000, 2.000000, 0.000000
7070.000000, 0.000000, 0.000000
7080.000000, 2.000000, 0.000000
7090.000000, 0.000000, 0.000000
7100.000000, 2.000000, 0.000000
7110.000000, 0.000000, 0.000000
7120.000000, 2.000000, 0.000000
7130.000000, 0.000000, 0.000000
7140.000000, 2.000000, 0.000000
7150.000000, 0.000000, 0.000000
7160.000000, 2.000000, 0.000000
7170.000000, 0.000000, 0.000000
7180.000000, 2.000000, 0.000000
7190.000000, 0.000000, 0.000000
7200.000000, 2.000000, 0.000000
7210.000000, 0.000000, 0.000000
7220.000000, 2.000000, 0.000000
7230.000000, 0.000000, 0.000000
7240.000000, 2.000000, 0.000000
7250.000000, 0.000000, 0.000000
7260.000000, 2.000000, 0.000000
7270.000000, 0.000000, 0.000000
7280.000000, 2.000000, 0.000000
7290.000000, 0.000000, 0.000000
7300.000000, 2.000000, 0.000000
7310.000000, 0.000000, 0.000000
7320.000000, 2.000000, 0.000000
7330.000000, 0.000000, 0.000000
7340.000000, 2.000000, 0.000000
7350.000000, 0.000000, 0.000000
7360.000000, 2.000000, 0.000000
7370.000000, 0.000000, 0.000000
7380.000000, 2.000000, 0.000000
7390.000000, 0.000000, 0.000000
7400.000000, 2.000000, 0.000000
7410.000000, 0.000000, 0.000000
7420.000000, 2.000000, 0.000000
7430.000000, 0.000000, 0.000000
7440.000000, 2.000000, 0.000000
7450.000000, 0.000000, 0.000000
7460.000000, 2.000000, 0.000000
7470.000000, 0.000000, 0.000000
7480.000000, 2.000000, 0.000000
7490.000000, 0.000000, 0.000000
7500.000000, 2.000000, 0.000000
7510.000000, 0.000000, 0.000000
7520.000000, 2.000000, 0.000000
7530.000000, 0.000000, 0.000000
7540.000000, 2.000000, 0.000000
7550.000000, 0.000000, 0.000000
7560.000000, 2.000000, 0.000000
7570.000000, 0.000000, 0.000000
7580.000000, 2.000000, 0.000000
7590.000000, 0.000000, 0.000000
7600.000000, 2.000000, 0.000000
7610.000000, 0.000000, 0.000000
7620.000000, 2.000000, 0.000000
7630.000000, 0.000000, 0.000000
7640.000000, 2.000000, 0.000000
7650.000000, 0.000000, 0.000000
7660.000000, 2.000000, 0.000000
7670.000000, 0.000000, 0.000000
7680.000000, 2.000000, 0.000000
7690.000000, 0.000000, 0.000000
7700.000000, 2.000000, 0.000000
7710.000000, 0.000000, 0.000000
7720.000000, 2.000000, 0.000000
7730.000000, 0.000000, 0.000000
7740.000000, 2.000000, 0.000000
7750.000000, 0.000000, 0.000000
7760.000000, 2.000000, 0.000000
7770.000000, 0.000000, 0.000000
7780.000000, 2.000000, 0.000000
7790.000000, 0.000000, 0.000000
7800.000000, 2.000000, 0.000000
7810.000000, 0.000000, 0.000000
7820.000000, 2.000000, 0.000000
7830.000000, 0.000000, 0.000000
7840.000000, 2.000000, 0.000000
7850.000000, 0.000000, 0.000000
7860.000000, 2.000000, 0.000000
7870.000000, 0.000000, 0.000000
7880.000000, 2.000000, 0.000000
7890.000000, 0.000000, 0.000000
7900.000000, 2.000000, 0.000000
7910.000000, 0.000000, 0.000000
7920.000000, 2.000000, 0.000000
7930.000000, 0.000000, 0.000000
7940.000000, 2.000000, 0.000000
7950.000000, 0.000000, 0.000000
7960.000000, 2.000000, 0.000000
7970.000000, 0.000000, 0.000000
7980.000000, 2.000000, 0.000000
7990.000000, 0.000000, 0.000000
8000.000000, 2.000000, 0.000000
8010.000000, 0.000000, 0.000000
8020.000000, 2.000000, 0.000000
8030.000000, 0.000000, 0.000000
8040.000000, 2.000000, 0.000000
8050.000000, 0.000000, 0.000000
8060.000000, 2.000000, 0.000000
8070.000000, 0.000000, 0.000000
8080.000000, 2.000000, 0.000000
8090.000000, 0.000000, 0.000000
8100.000000, 2.000000, 0.000000
8110.000000, 0.000000, 0.000000
8120.000000, 2.000000, 0.000000
8130.000000, 0.000000, 0.000000
8140.000000, 2.000000, 0.000000
8150.000000, 0.000000, 0.000000
8160.000000, 2.000000, 0.000000
8170.000000, 0.000000, 0.000000
8180.000000, 2.000000, 0.000000
8190.000000, 0.000000, 0.000000
8200.000000, 2.000000, 0.000000
8210.000000, 0.000000, 0.000000
8220.000000, 2.000000, 0.000000
8230.000000, 0.000000, 0.000000
8240.000000, 2.000000, 0.000000
8250.000000, 0.000000, 0.000000
8260.000000, 2.000000, 0.000000
8270.000000, 0.000000, 0.000000
8280.000000, 2.000000, 0.000000
8290.000000, 0.000000, 0.000000
8300.000000, 2.000000, 0.000000
8310.000000, 0.000000, 0.000000
8320.000000, 2.000000, 0.000000
8330.000000, 0.000000, 0.000000
8340.000000, 2.000000, 0.000000
8350.000000, 0.000000, 0.000000
8360.000000, 2.000000, 0.000000
8370.000000, 0.000000, 0.000000
8380.000000, 2.000000, 0.000000
8390.000000, 0.000000, 0.000000
8400.000000, 2.000000, 0.000000
8410.000000, 0.000000, 0.000000
8420.000000, 2.000000, 0.000000
8430.000000, 0.000000, 0.000000
8440.000000, 2.000000, 0.000000
8450.000000, 0.000000, 0.000000
8460.000000, 2.000000, 0.000000
8470.000000, 0.000000, 0.000000
8480.000000, 2.000000, 0.000000
8490.000000, 0.000000, 0.000000
8500.000000, 2.000000, 0.000000
8510.000000, 0.000000, 0.000000
8520.000000, 2.000000, 0.000000
8530.000000, 0.000000, 0.000000
8540.000000, 2.000000, 0.000000
8550.000000, 0.000000, 0.000000
8560.000000, 2.000000, 0.000000
8570.000000, 0.000000, 0.000000
8580.000000, 2.000000, 0.000000
8590.000000, 0.000000, 0.000000
8600.000000, 2.000000, 0.000000
8610.000000, 0.000000, 0.000000
8620.000000, 2.000000, 0.000000
8630.000000, 0.000000, 0.000000
8640.000000, 2.000000, 0.000000
8650.000000, 0.000000, 0.000000
8660.000000, 2.000000, 0.000000
8670.000000, 0.000000, 0.000000
8680.000000, 2.000000, 0.000000
8690.000000, 0.000000, 0.000000
8700.000000, 2.000000, 0.000000
8710.000000, 0.000000, 0.000000
8720.000000, 2.000000, 0.000000
8730.000000, 0.000000, 0.000000
8740.000000, 2.000000, 0.000000
8750.000000, 0.000000, 0.000000
8760.000000, 2.000000, 0.000000
8770.000000, 0.000000, 0.000000
8780.000000, 2.000000, 0.000000
8790.000000, 0.000000, 0.000000
8800.000000, 2.000000, 0.000000
8810.000000, 0.000000, 0.000000
8820.000000, 2.000000, 0.000000
8830.000000, 0.000000, 0.000000
8840.000000, 2.000000, 0.000000
8850.000000, 0.000000, 0.000000
8860.000000, 2.000000, 0.000000
8870.000000, 0.000000, 0.000000
8880.000000, 2.000000, 0.000000
8890.000000, 0.000000, 0.000000
8900.000000, 2.000000, 0.000000
8910.000000, 0.000000, 0.000000
8920.000000, 2.000000, 0.000000
8930.000000, 0.000000, 0.000000
8940.000000, 2.000000, 0.000000
8950.000000, 0.000000, 0.000000
8960.000000, 2.000000, 0.000000
8970.000000, 0.000000, 0.000000
8980.000000, 2.000000, 0.000000
8990.000000, 0.000000, 0.000000
9000.000000, 2.000000, 0.000000
9010.000000, 0.000000, 0.000000
9020.000000, 2.000000, 0.000000
9030.000000, 0.000000, 0.000000
9040.000000, 2.000000, 0.000000
9050.000000, 0.000000, 0.000000
9060.000000, 2.000000, 0.000000
9070.000000, 0.000000, 0.000000
9080.000000, 2.000000, 0.000000
9090.000000, 0.000000, 0.000000
9100.000000, 2.000000, 0.000000
9110.000000, 0.000000, 0.000000
9120.000000, 2.000000, 0.000000
9130.000000, 0.000000, 0.000000
9140.000000, 2.000000, 0.000000
9150.000000, 0.000000, 0.000000
9160.000000, 2.000000, 0.000000
9170.000000, 0.000000, 0.000000
9180.000000, 2.000000, 0.000000
9190.000000, 0.000000, 0.000000
9200.000000, 2.000000, 0.000000
9210.000000, 0.000000, 0.000000
9220.000000, 2.000000, 0.000000
9230.000000, 0.000000, 0.000000
9240.000000, 2.000000, 0.000000
9250.000000, 0.000000, 0.000000
9260.000000, 2.000000, 0.000000
9270.000000, 0.000000, 0.000000
9280.000000, 2.000000, 0.000000
9290.000000, 0.000000, 0.000000
9300.000000, 2.000000, 0.000000
9310.000000, 0.000000, 0.000000
9320.000000, 2.000000, 0.000000
9330.000000, 0.000000, 0.000000
9340.000000, 2.000000, 0.000000
9350.000000, 0.000000, 0.000000
9360.000000, 2.000000, 0.000000
9370.000000, 0.000000, 0.000000
9380.000000, 2.000000, 0.000000
9390.000000, 0.000000, 0.000000
9400.000000, 2.000000, 0.000000
9410.000000, 0.000000, 0.000000
9420.000000, 2.000000, 0.000000
9430.000000, 0.000000, 0.000000
9440.000000, 2.000000, 0.000000
9450.000000, 0.000000, 0.000000
9460.000000, 2.000000, 0.000000
9470.000000, 0.000000, 0.000000
9480.000000, 2.000000, 0.000000
9490.000000, 0.000000, 0.000000
9500.000000, 2.000000, 0.000000
9510.000000, 0.000000, 0.000000
9520.000000, 2.000000, 0.000000
9530.000000, 0.000000, 0.000000
9540.000000, 2.000000, 0.000000
9550.000000, 0.000000, 0.000000
9560.000000, 2.000000, 0.000000
9570.000000, 0.000000, 0.000000
9580.000000, 2.000000, 0.000000
9590.000000, 0.000000, 0.000000
9600.000000, 2.000000, 0.000000
9610.000000, 0.000000, 0.000000
9620.000000, 2.000000, 0.000000
9630.000000, 0.000000, 0.000000
9640.000000, 2.000000, 0.000000
9650.000000, 0.000000, 0.000000
9660.000000, 2.000000, 0.000000
9670.000000, 0.000000, 0.000000
9680.000000, 2.000000, 0.000000
9690.000000, 0.000000, 0.000000
9700.000000, 2.000000, 0.000000
9710.000000, 0.000000, 0.000000
9720.000000, 2.000000, 0.000000
9730.000000, 0.000000, 0.000000
9740.000000, 2.000000, 0.000000
9750.000000, 0.000000, 0.000000
9760.000000, 2.000000, 0.000000
9770.000000, 0.000000, 0.000000
9780.000000, 2.000000, 0.000000
9790.000000, 0.000000, 0.000000
9800.000000, 2.000000, 0.000000
9810.000000, 0.000000, 0.000000
9820.000000, 2.000000, 0.000000
9830.000000, 0.000000, 0.000000
9840.000000, 2.000000, 0.000000
9850.000000, 0.000000, 0.000000
9860.000000, 2.000000, 0.000000
9870.000000, 0.000000, 0.000000
9880.000000, 2.000000, 0.000000
9890.000000, 0.000000, 0.000000
9900.000000, 2.000000, 0.000000
9910.000000, 0.000000, 0.000000
9920.000000, 2.000000, 0.000000
9930.000000, 0.000000, 0.000000
9940.000000, 2.000000, 0.000000
9950.000000, 0.000000, 0.000000
9960.000000, 2.000000, 0.000000
9970.000000, 0.000000, 0.000000
9980.000000, 2.000000, 0.000000
9990.000000, 0.000000, 0.000000
10000.000000, 2.000000, 0.000000
2.000000, 20322.495018
4.000000, 21816.486395
1.000000, 29736.852179
3.000000, 21110.088514
3.000000, 23938.125491
3.000000, 23320.010328
1.000000, 28519.151593
3.000000, 28079.253261
2.000000, 26447.951403
2.000000, 29919.760133
3.000000, 26468.711897
4.000000, 23766.801075
1.000000, 20210.253364
3.000000, 23184.654690
3.000000, 20029.363774
4.000000, 20683.890715
3.000000, 24533.921153
1.000000, 21227.994744
2.000000, 26950.704435
1.000000, 27902.072244
4.000000, 25055.788247
4.000000, 23436.245630
4.000000, 26143.404483
3.000000, 25600.263008
2.000000, 29594.949151
4.000000, 22310.093934
3.000000, 24941.765487
3.000000, 28585.293201
3.000000, 24242.108241
2.000000, 29208.254605
1.000000, 28709.028526
2.000000, 21035.625091
4.000000, 22088.372352
4.000000, 20995.918075
1.000000, 24659.530655
4.000000, 25076.581504
4.000000, 23338.905534
2.000000, 22502.161109
4.000000, 25702.497106
4.000000, 24183.221226
1.000000, 22663.173593
4.000000, 20671.565946
4.000000, 29612.656069
1.000000, 29516.615271
3.000000, 27901.230947
4.000000, 21963.483083
2.000000, 28474.195852
3.000000, 23241.846703
3.000000, 21520.020650
4.000000, 28354.665543
3.000000, 22812.628700
3.000000, 26595.983817
2.000000, 25774.558113
2.000000, 23861.236701
3.000000, 20127.801067
2.000000, 20159.462037
1.000000, 26117.545020
1.000000, 27138.308100
4.000000, 27196.387160
1.000000, 21161.593843
2.000000, 25178.112287
4.000000, 21660.748228
4.000000, 22137.358299
3.000000, 21470.884544
4.000000, 23230.780152
3.000000, 24257.500488
2.000000, 28881.694944
1.000000, 24293.263934
4.000000, 23909.956558
3.000000, 23543.509729
4.000000, 21166.712990
2.000000, 27713.975774
4.000000, 20042.040989
2.000000, 28011.822809
3.000000, 27583.691815
2.000000, 27955.579945
2.000000, 21191.958841
3.000000, 25622.778508
2.000000, 24661.357592
4.000000, 29554.850409
1.000000, 25291.586219
1.000000, 28150.880622
1.000000, 22693.653109
3.000000, 28861.320664
3.000000, 24948.867259
1.000000, 23139.862846
2.000000, 21762.279018
4.000000, 26363.888677
3.000000, 21076.200712
3.000000, 26449.155933
2.000000, 28209.117651
3.000000, 20175.366390
1.000000, 23419.769506
1.000000, 26607.097080
2.000000, 24809.560582
4.000000, 28495.121172
3.000000, 23370.482822
2.000000, 23260.964402
2.000000, 24943.079725
2.000000, 28526.770928
2.000000, 22015.400469
3.000000, 22045.244121
1.000000, 23774.385764
4.000000, 26936.832809
1.000000, 22725.048476
2.000000, 24237.426424
3.000000, 23804.055671
4.000000, 26326.161452
4.000000, 26582.525407
3.000000, 29126.507731
2.000000, 25799.882699
2.000000, 27074.599160
3.000000, 27487.150952
3.000000, 21468.077316
2.000000, 20246.352695
2.000000, 25359.566705
1.000000, 24476.700902
1.000000, 27186.004069
3.000000, 26473.299068
1.000000, 28708.324989
2.000000, 27809.916585
4.000000, 25707.386872
3.000000, 20084.080504
4.000000, 23517.107098
4.000000, 22280.264732
2.000000, 25270.706579
1.000000, 23528.639169
3.000000, 26385.384609
2.000000, 21896.359184
2.000000, 24021.460332
2.000000, 27328.984432
2.000000, 24800.634737
1.000000, 21752.718765
3.000000, 20253.405846
1.000000, 25810.746404
2.000000, 24087.751952
3.000000, 20337.533287
1.000000, 29073.444688
3.000000, 24327.732307
1.000000, 27128.384834
3.000000, 20173.482735
3.000000, 28196.400340
2.000000, 22782.677807
2.000000, 27748.861544
1.000000, 28228.620329
3.000000, 28586.367720
3.000000, 23898.258589
1.000000, 27421.961831
4.000000, 29485.788867
1.000000, 29314.505376
1.000000, 20176.707141
2.000000, 27099.271588
3.000000, 25533.563673
4.000000, 21963.038465
2.000000, 21634.850481
4.000000, 22766.980851
1.000000, 26150.377044
2.000000, 28445.616123
4.000000, 28706.462909
3.000000, 24224.602119
1.000000, 21251.142906
4.000000, 21094.833923
1.000000, 24927.992464
4.000000, 22753.122421
4.000000, 24171.230965
3.000000, 28448.788808
4.000000, 22794.229757
2.000000, 25616.243250
3.000000, 22690.850291
1.000000, 29322.618890
3.000000, 26235.197209
1.000000, 27572.291944
3.000000, 25765.679708
4.000000, 29410.059433
2.000000, 25748.343682
1.000000, 28397.021720
1.000000, 20979.418198
3.000000, 24120.898118
4.000000, 21348.016549
2.000000, 28710.879671
3.000000, 27801.270520
3.000000, 23564.696713
3.000000, 24436.501655
3.000000, 26504.423997
4.000000, 20021.870333
2.000000, 27473.002410
4.000000, 24228.525415
3.000000, 26432.366015
4.000000, 28315.413288
3.000000, 22308.328771
2.000000, 20326.608650
4.000000, 26809.623087
2.000000, 25032.925512
4.000000, 24814.902840
2.000000, 25406.113429
2.000000, 20740.121268
3.000000, 23923.162079
3.000000, 24854.152513
2.000000, 25019.394367
2.000000, 26070.139255
1.000000, 25998.524825
4.000000, 27311.623478
2.000000, 28849.807508
3.000000, 24377.846859
1.000000, 28314.801780
4.000000, 20024.841666
4.000000, 21458.783171
4.000000, 28907.235699
4.000000, 29036.847319
1.000000, 29356.602989
4.000000, 29772.288393
4.000000, 28206.522822
1.000000, 23738.541805
4.000000, 20325.282658
1.000000, 23110.929638
4.000000, 23285.167554
3.000000, 24583.222828
4.000000, 27942.804083
1.000000, 28474.619682
4.000000, 28333.738630
3.000000, 25305.381756
1.000000, 28563.603212
4.000000, 20652.790405
1.000000, 27168.726095
3.000000, 27331.685900
1.000000, 29106.357412
2.000000, 20933.430854
4.000000, 25552.312227
2.000000, 21386.029100
2.000000, 28875.494041
3.000000, 27873.050945
4.000000, 22246.789334
3.000000, 28988.188924
2.000000, 23756.656194
3.000000, 29388.231064
1.000000, 28811.312582
3.000000, 21590.368052
4.000000, 25197.605123
2.000000, 28888.368309
4.000000, 26114.480504
4.000000, 23971.961875
3.000000, 22611.024339
3.000000, 23949.392759
3.000000, 23421.392429
1.000000, 24276.975935
2.000000, 24438.072046
2.000000, 25270.854628
4.000000, 20945.771928
1.000000, 23350.340743
2.000000, 24946.972533
2.000000, 28804.375188
2.000000, 22876.024677
4.000000, 28268.978638
1.000000, 20149.960096
2.000000, 28902.342432
2.000000, 29916.441330
1.000000, 22049.837549
4.000000, 25170.739907
1.000000, 23664.977824
2.000000, 28114.707824
3.000000, 24216.033114
4.000000, 27999.642846
3.000000, 23177.779195
2.000000, 23730.552548
2.000000, 20219.124414
3.000000, 25758.609022
4.000000, 23271.544726
3.000000, 25412.299312
3.000000, 22475.265366
4.000000, 24872.625123
4.000000, 23932.110358
1.000000, 26457.660079
2.000000, 21809.774603
1.000000, 26195.060336
2.000000, 26378.423079
3.000000, 20364.061297
4.000000, 25724.891400
1.000000, 22259.491522
1.000000, 26101.938198
3.000000, 24268.940263
4.000000, 28123.594727
2.000000, 20489.138205
4.000000, 26089.308727
1.000000, 22292.337652
3.000000, 23672.342549
3.000000, 27451.585769
3.000000, 29270.257339
2.000000, 21348.332317
1.000000, 26145.016295
2.000000, 25607.916968
3.000000, 21173.450635
2.000000, 24272.605574
1.000000, 20592.945165
3.000000, 27918.826943
1.000000, 24202.520817
1.000000, 29937.918136
2.000000, 24341.213435
4.000000, 24151.523603
2.000000, 23817.021866
4.000000, 22544.721266
3.000000, 24534.884537
4.000000, 25685.929919
1.000000, 20695.439243
4.000000, 21236.907707
3.000000, 20399.178965
3.000000, 26538.538012
1.000000, 24999.545938
1.000000, 26702.570210
3.000000, 29738.662634
1.000000, 20565.475659
3.000000, 20250.664434
3.000000, 25285.086119
2.000000, 25216.451217
3.000000, 29969.756759
4.000000, 21591.972600
2.000000, 26564.100767
3.000000, 20313.984615
4.000000, 26115.357910
2.000000, 24332.955494
3.000000, 23367.525319
2.000000, 20472.981593
2.000000, 22693.724740
3.000000, 22400.462597
1.000000, 21250.664368
2.000000, 27102.026301
3.000000, 27781.500583
4.000000, 28141.404548
1.000000, 22513.232308
2.000000, 22264.168903
2.000000, 22378.297449
1.000000, 21136.949983
4.000000, 21569.353595
2.000000, 29775.687988
2.000000, 22440.295726
4.000000, 29855.845846
1.000000, 21507.757141
2.000000, 22343.384732
3.000000, 21658.217820
1.000000, 26260.812856
3.000000, 21907.460069
4.000000, 25994.209865
1.000000, 20719.809760
4.000000, 23208.665048
3.000000, 27779.750177
4.000000, 22776.947710
3.000000, 25478.486418
1.000000, 22122.141818
1.000000, 24201.519471
2.000000, 23143.944967
2.000000, 27705.778997
4.000000, 23760.867349
1.000000, 20245.428389
4.000000, 24065.420347
2.000000, 23490.173297
4.000000, 25454.738900
2.000000, 23980.527028
2.000000, 28004.305238
1.000000, 21350.061790
2.000000, 25674.175524
2.000000, 22300.830547
3.000000, 22395.720490
4.000000, 26395.403398
3.000000, 26128.316988
1.000000, 22652.623947
2.000000, 27758.816853
1.000000, 24614.561909
3.000000, 25888.504900
2.000000, 22778.413107
2.000000, 28624.057515
2.000000, 27492.240788
3.000000, 23278.853747
2.000000, 29864.854636
4.000000, 24299.927294
4.000000, 23374.678238
1.000000, 26840.388707
1.000000, 26463.798157
2.000000, 23245.472196
2.000000, 22476.675212
4.000000, 27419.413019
2.000000, 25238.766590
3.000000, 22833.049261
4.000000, 28078.628740
3.000000, 21068.608578
2.000000, 26494.162687
2.000000, 28238.645190
3.000000, 29993.249433
1.000000, 21514.536418
1.000000, 25694.221216
4.000000, 20483.246518
2.000000, 23513.825476
3.000000, 28965.684788
2.000000, 29577.224789
4.000000, 24897.411709
3.000000, 26954.978124
3.000000, 26031.485562
2.000000, 23834.508247
3.000000, 23850.565356
4.000000, 20285.840928
1.000000, 23297.130103
3.000000, 29678.266661
4.000000, 25836.367425
3.000000, 29587.386964
2.000000, 20999.549671
1.000000, 23726.539559
4.000000, 22662.859559
3.000000, 21076.046448
2.000000, 20607.317126
3.000000, 25713.871755
2.000000, 22171.917096
3.000000, 20228.395864
4.000000, 20694.197864
4.000000, 29808.731562
3.000000, 23125.878899
3.000000, 23482.137136
4.000000, 27506.932420
2.000000, 20473.839946
1.000000, 28446.011761
4.000000, 29046.674212
2.000000, 23325.907722
3.000000, 20808.413332
2.000000, 28391.105314
1.000000, 22103.439502
4.000000, 28253.731038
3.000000, 20522.303160
2.000000, 20437.187534
2.000000, 22717.938703
2.000000, 29769.197524
3.000000, 20748.397477
1.000000, 21640.187416
1.000000, 28946.876874
1.000000, 22093.040194
3.000000, 27599.030008
2.000000, 26122.439995
1.000000, 24348.203083
2.000000, 25007.233250
4.000000, 22579.584594
4.000000, 24042.193521
3.000000, 23354.887169
1.000000, 22203.303019
3.000000, 28813.354810
4.000000, 20164.041966
4.000000, 21219.925639
2.000000, 27422.199069
1.000000, 24955.172875
1.000000, 27253.025647
3.000000, 24921.759794
2.000000, 25449.210595
1.000000, 28405.276207
2.000000, 23042.231181
4.000000, 23631.119110
3.000000, 24336.171796
3.000000, 25396.068532
3.000000, 27920.910419
3.000000, 20754.052011
3.000000, 25016.843328
2.000000, 28658.317399
1.000000, 29855.831216
1.000000, 28991.957925
2.000000, 25676.828993
4.000000, 25130.696470
2.000000, 22734.164592
1.000000, 25287.553269
2.000000, 20965.292723
2.000000, 29146.063613
2.000000, 25781.123792
1.000000, 21245.621154
2.000000, 27821.522393
2.000000, 26340.901796
2.000000, 29784.150876
4.000000, 21598.964960
1.000000, 22995.722665
3.000000, 29106.042823
4.000000, 24684.445189
2.000000, 20613.293262
3.000000, 25647.027194
2.000000, 23074.242970
1.000000, 24626.700340
4.000000, 26815.557444
3.000000, 27157.514194
3.000000, 24422.427336
3.000000, 26903.165258
1.000000, 26867.747766
4.000000, 20145.347572
2.000000, 29892.100023
2.000000, 26448.334180
4.000000, 26711.907704
2.000000, 25776.197969
1.000000, 23770.913623
4.000000, 22581.335562
4.000000, 22730.557008
1.000000, 23936.428661
3.000000, 21671.615301
3.000000, 26907.452263
3.000000, 26652.162716
3.000000, 29529.236325
2.000000, 20120.708294
3.000000, 24377.533816
1.000000, 24726.457863
4.000000, 22085.696054
1.000000, 23013.342129
4.000000, 22243.742356
4.000000, 22360.962189
3.000000, 20364.233110
1.000000, 22742.898475
1.000000, 27207.349036
3.000000, 29281.054965
3.000000, 28583.616443
3.000000, 22194.731737
3.000000, 25246.979990
3.000000, 21875.996565
3.000000, 25010.951206
4.000000, 29224.357480
1.000000, 28730.097797
4.000000, 22051.031639
1.000000, 29463.848411
4.000000, 29010.307913
1.000000, 25254.948625
4.000000, 26548.645181
4.000000, 23789.594320
2.000000, 28096.496073
4.000000, 27926.186844
3.000000, 25149.568752
3.000000, 20521.259142
1.000000, 22653.892320
4.000000, 25837.013830
4.000000, 23716.933927
2.000000, 24067.554940
2.000000, 29490.502612
4.000000, 22804.287056
4.000000, 24018.119806
4.000000, 25714.585290
4.000000, 21938.077453
2.000000, 27697.793017
1.000000, 20186.492364
4.000000, 20000.372805
2.000000, 24175.774902
1.000000, 22354.177509
3.000000, 25865.584964
2.000000, 25617.718651
1.000000, 20194.187378
1.000000, 20858.767349
3.000000, 22324.905121
4.000000, 25859.218612
1.000000, 29861.529135
4.000000, 21274.242314
2.000000, 20100.599842
3.000000, 28507.818511
2.000000, 29543.972827
2.000000, 21746.107515
2.000000, 21552.624607
1.000000, 25964.797769
4.000000, 23985.017628
3.000000, 22852.465060
3.000000, 23162.706656
2.000000, 25194.455308
3.000000, 21190.343025
4.000000, 26097.549127
3.000000, 28072.137740
1.000000, 26549.497461
1.000000, 25081.436415
1.000000, 25621.338179
1.000000, 23174.575853
4.000000, 21625.235075
4.000000, 27325.070143
2.000000, 29677.833733
1.000000, 25888.569260
2.000000, 29481.018377
1.000000, 24407.976335
4.000000, 27688.486897
2.000000, 29373.258898
2.000000, 22148.644321
2.000000, 26716.441255
4.000000, 26787.323667
4.000000, 25666.657060
2.000000, 22476.325910
2.000000, 25515.420761
1.000000, 22096.395018
4.000000, 29041.013911
2.000000, 21242.750886
1.000000, 24734.384368
1.000000, 26580.247266
4.000000, 21333.327714
1.000000, 27733.773376
1.000000, 23868.100176
1.000000, 29595.085834
2.000000, 27795.331335
2.000000, 29612.777612
2.000000, 22753.516081
1.000000, 26632.560114
2.000000, 23794.145429
1.000000, 29819.964963
1.000000, 22872.809918
4.000000, 26190.886522
2.000000, 21886.835041
1.000000, 27067.967713
3.000000, 29740.111224
2.000000, 29332.914073
3.000000, 26095.114324
3.000000, 21647.895616
3.000000, 28832.027813
4.000000, 22307.087661
3.000000, 29715.084651
4.000000, 27757.305301
2.000000, 20090.431842
3.000000, 22951.958142
1.000000, 29472.028144
4.000000, 26950.363498
1.000000, 24833.339797
2.000000, 23363.825319
1.000000, 29311.530014
2.000000, 22675.552638
3.000000, 24149.139269
4.000000, 22490.911881
2.000000, 23018.291083
4.000000, 23947.466149
1.000000, 21728.300099
1.000000, 20785.731492
1.000000, 29137.793734
1.000000, 27596.085964
2.000000, 28985.386670
2.000000, 28774.835009
1.000000, 28286.723365
2.000000, 29299.000066
2.000000, 23145.840918
4.000000, 21843.003287
1.000000, 21938.091555
1.000000, 25069.627392
1.000000, 21646.277391
2.000000, 23549.420908
4.000000, 28337.870064
1.000000, 28414.017718
2.000000, 20764.850721
2.000000, 26160.109933
1.000000, 28611.829676
2.000000, 27552.639284
3.000000, 22112.649737
2.000000, 24479.471844
3.000000, 28750.427374
1.000000, 27969.759272
1.000000, 23861.929353
2.000000, 27282.247225
1.000000, 29805.201513
4.000000, 27874.354043
2.000000, 20151.308573
1.000000, 22970.514126
3.000000, 27695.777965
2.000000, 22104.212683
1.000000, 23306.360658
4.000000, 26125.350931
3.000000, 22648.084088
1.000000, 29670.280975
2.000000, 22328.551159
4.000000, 24016.781277
4.000000, 28744.519605
3.000000, 25804.500722
1.000000, 29265.445148
2.000000, 29339.485750
2.000000, 26822.656147
3.000000, 28583.385994
1.000000, 29246.749902
4.000000, 21998.813149
1.000000, 28658.928679
4.000000, 25756.043378
4.000000, 27603.195071
1.000000, 20819.628978
2.000000, 28056.641907
1.000000, 26422.235825
2.000000, 25566.587458
4.000000, 23838.264294
4.000000, 29296.462960
2.000000, 25480.634498
3.000000, 22515.331027
2.000000, 25031.364640
3.000000, 23202.703370
2.000000, 25487.622862
3.000000, 22508.454156
4.000000, 24872.147181
4.000000, 23796.678431
1.000000, 25210.326373
1.000000, 20741.474224
4.000000, 22436.086488
1.000000, 28305.154008
4.000000, 20354.614152
2.000000, 20937.184308
4.000000, 26095.452550
2.000000, 21839.741142
1.000000, 25401.146359
4.000000, 24966.945577
2.000000, 23848.151812
4.000000, 20603.387579
2.000000, 22253.239726
3.000000, 28459.855284
3.000000, 27602.414674
3.000000, 25743.545265
2.000000, 22040.746546
2.000000, 24229.528793
1.000000, 25021.958405
3.000000, 23224.740613
4.000000, 22395.496586
2.000000, 27791.474395
1.000000, 25636.167703
4.000000, 28601.480918
1.000000, 26913.396971
1.000000, 25807.043891
3.000000, 21104.435051
2.000000, 26455.988470
2.000000, 23150.320081
1.000000, 28088.384721
2.000000, 25993.410606
1.000000, 27892.379520
3.000000, 27529.967726
4.000000, 27834.548739
3.000000, 28592.325106
3.000000, 28741.649765
3.000000, 28076.389267
2.000000, 29957.125294
1.000000, 23293.701471
3.000000, 28199.590235
3.000000, 29833.844067
4.000000, 24092.016394
4.000000, 25031.054610
2.000000, 22020.008773
1.000000, 23208.769245
1.000000, 29245.514330
4.000000, 23796.833546
1.000000, 23110.739282
4.000000, 28558.973805
2.000000, 26076.641692
2.000000, 28488.701747
4.000000, 23804.565450
2.000000, 28129.801185
2.000000, 27891.544817
3.000000, 25426.131057
3.000000, 23943.921856
4.000000, 22025.137704
1.000000, 27225.019443
1.000000, 26563.764899
2.000000, 22805.461879
3.000000, 28971.684131
3.000000, 28828.894766
3.000000, 24119.452884
2.000000, 23929.095058
4.000000, 23960.018160
2.000000, 26357.772044
3.000000, 22085.246813
1.000000, 26801.744457
3.000000, 25985.543820
2.000000, 25482.058381
2.000000, 22837.003296
4.000000, 28899.103238
3.000000, 26081.724721
1.000000, 21557.103636
3.000000, 29204.437981
3.000000, 28922.030421
1.000000, 24314.994934
2.000000, 25372.459091
3.000000, 23463.170544
1.000000, 21244.963217
2.000000, 23823.483989
1.000000, 28242.836805
4.000000, 21555.027883
3.000000, 20927.669220
1.000000, 27683.665754
4.000000, 24394.582568
2.000000, 20970.042880
3.000000, 23809.679619
1.000000, 24999.092206
4.000000, 23388.466073
2.000000, 20139.035242
1.000000, 26513.802130
4.000000, 23690.151571
4.000000, 21379.908228
4.000000, 27576.744550
2.000000, 22932.005212
3.000000, 23079.117842
3.000000, 21245.996003
4.000000, 23676.571843
3.000000, 29649.681725
1.000000, 25691.713151
4.000000, 27180.822194
3.000000, 29592.649119
3.000000, 21513.026682
2.000000, 25861.226601
2.000000, 21362.054440
3.000000, 21205.530596
2.000000, 29907.510748
1.000000, 23412.589691
3.000000, 26605.954499
4.000000, 22613.578099
4.000000, 28715.708123
2.000000, 28243.966415
1.000000, 28179.922819
1.000000, 26784.832522
4.000000, 27126.754849
2.000000, 20117.028982
1.000000, 21481.691273
3.000000, 29176.874995
3.000000, 22594.824347
4.000000, 26718.529626
2.000000, 25951.867936
2.000000, 25493.247656
4.000000, 24352.630295
3.000000, 26462.638615
2.000000, 28682.912703
3.000000, 20118.923219
2.000000, 26116.755890
1.000000, 20180.918450
1.000000, 25798.853135
4.000000, 28724.805798
4.000000, 25701.107480
4.000000, 24830.319140
4.000000, 27035.724550
1.000000, 22612.759174
4.000000, 21550.212385
4.000000, 23708.834538
2.000000, 26782.415972
4.000000, 20117.111364
2.000000, 21751.046874
2.000000, 23604.116052
4.000000, 24727.350314
2.000000, 22647.077346
1.000000, 28007.786892
4.000000, 22307.590336
2.000000, 29377.000995
3.000000, 20929.447705
4.000000, 23783.518619
1.000000, 25800.864085
3.000000, 24307.337791
4.000000, 21155.407439
4.000000, 20865.989361
1.000000, 23904.470018
3.000000, 25617.003139
2.000000, 20806.483144
3.000000, 28935.838529
4.000000, 25875.565379
1.000000, 26332.790372
1.000000, 22522.462617
3.000000, 22658.906030
4.000000, 27136.852897
2.000000, 22799.176235
1.000000, 27877.742609
4.000000, 20751.376586
2.000000, 20384.283852
3.000000, 26980.584893
4.000000, 27275.023084
3.000000, 29764.946106
2.000000, 24560.895929
1.000000, 29200.051998
4.000000, 23957.191882
1.000000, 28726.061161
2.000000, 28572.139720
4.000000, 26891.849916
4.000000, 28731.571415
4.000000, 28019.085345
3.000000, 27524.383798
4.000000, 24046.127668
1.000000, 29361.004577
3.000000, 22336.493603
2.000000, 25089.029844
4.000000, 21497.088915
3.000000, 23847.640483
1.000000, 29204.871999
1.000000, 23960.963355
1.000000, 27284.739221
4.000000, 20169.268996
4.000000, 23428.528969
4.000000, 29598.015540
3.000000, 21332.512744
3.000000, 24854.230182
1.000000, 24637.563313
3.000000, 25145.277465
4.000000, 21517.316644
4.000000, 21995.401071
2.000000, 20426.193133
1.000000, 22303.558810
4.000000, 24785.286691
3.000000, 27052.788025
1.000000, 25366.384612
3.000000, 29570.232042
1.000000, 25345.272955
4.000000, 26706.348343
3.000000, 21886.556656
1.000000, 21199.195762
3.000000, 21655.813106
3.000000, 20709.087301
4.000000, 24112.995023
3.000000, 21786.600614
3.000000, 25816.031044
1.000000, 29800.339410
3.000000, 26275.529748
2.000000, 23233.950225
2.000000, 27695.079551
4.000000, 29275.832397
3.000000, 28557.143764
3.000000, 26594.464238
1.000000, 22355.549513
3.000000, 25955.797291
4.000000, 29167.386713
2.000000, 24671.188070
1.000000, 21755.299806
4.000000, 21424.931545
4.000000, 26772.220036
2.000000, 27633.506209
3.000000, 20623.576555
4.000000, 29687.438016
1.000000, 22648.549659
3.000000, 22355.391640
4.000000, 21414.840331
4.000000, 24774.817336
2.000000, 22439.073857
4.000000, 26942.298591
3.000000, 24203.883017
1.000000, 29210.569185
2.000000, 29957.609343
3.000000, 23236.883248
1.000000, 28070.839048
4.000000, 25900.162083
1.000000, 22378.533875
3.000000, 28904.848043
3.000000, 21715.159423
2.000000, 28317.359553
4.000000, 26856.728743
4.000000, 26258.377110
2.000000, 22840.238832
4.000000, 27235.567314
1.000000, 22028.710896
1.000000, 24011.492078
1.000000, 27165.201448
3.000000, 27542.744930
1.000000, 22644.658675
1.000000, 25408.614659
3.000000, 22896.893969
3.000000, 28303.319512
4.000000, 29297.361270
4.000000, 23978.782944
1.000000, 29429.624434
4.000000, 22693.087773
4.000000, 29552.319354
4.000000, 27816.380419
3.000000, 20155.762507
2.000000, 26313.033657
4.000000, 22006.256194
2.000000, 29601.439974
1.000000, 24124.231049
4.000000, 25506.861377
3.000000, 25499.930745
4.000000, 23188.568275
1.000000, 24010.992147
4.000000, 26393.330371
2.000000, 23409.073345
1.000000, 27360.089194
1.000000, 21111.069347
2.000000, 26111.670535
1.000000, 20671.069183
2.000000, 29966.615711
2.000000, 21890.937208
1.000000, 22736.232233
1.000000, 22521.795309
1.000000, 27832.404664
4.000000, 26903.344676
1.000000, 28928.677460
4.000000, 23964.534275
4.000000, 25620.323162
1.000000, 25379.851297
4.000000, 25490.882446
2.000000, 29253.869342
4.000000, 24521.101960
2.000000, 25950.652112
2.000000, 24377.555633
1.000000, 21796.633109
4.000000, 25532.996730
2.000000, 23860.385318
3.000000, 24734.675391
3.000000, 26778.208843
3.000000, 27373.288968
1.000000, 22979.117832
2.000000, 28531.068907
4.000000, 24307.061746
4.000000, 27665.421689
2.000000, 23428.295608
3.000000, 27052.503432
4.000000, 29701.992590
1.000000, 28289.058706
3.000000, 29102.743084
2.000000, 26452.282440
2.000000, 24230.255948
4.000000, 21406.253139
1.000000, 29652.102814
2.000000, 21789.645970
1.000000, 27567.749318
2.000000, 24874.973689
4.000000, 25354.588147
1.000000, 26940.503216
2.000000, 23760.649339
1.000000, 23948.392361
4.000000, 29236.622457
3.000000, 20635.416009
1.000000, 25959.216766
3.000000, 29144.533956
2, 2, -14.230035
4, 2, -8.316147
6, 2, -11.897655
8, 2, -21.230091
10, 2, -7.855158
12, 2, -20.009768
14, 2, -20.479798
16, 2, -13.778245
18, 2, -6.865646
20, 2, -12.766072
22, 2, -5.711306
24, 2, -23.687939
26, 2, -20.008021
28, 2, -16.700057
30, 2, -17.827468
32, 2, -8.699875
34, 2, -8.836763
36, 2, -15.315871
38, 2, -16.506520
40, 2, -18.620867
42, 2, -11.803044
44, 2, -11.350836
46, 2, -23.479583
48, 2, -12.201017
50, 2, -10.113622
52, 2, -19.195561
54, 2, -17.425612
56, 2, -10.719311
58, 2, -19.768384
60, 2, -19.361248
62, 2, -5.991911
64, 2, -13.699613
66, 2, -22.144065
68, 2, -19.266272
70, 2, -8.896737
72, 2, -24.799724
74, 2, -17.564282
76, 2, -22.359954
78, 2, -7.975864
80, 2, -18.899787
82, 2, -16.781981
84, 2, -8.083897
86, 2, -15.715555
88, 2, -8.874345
90, 2, -19.815578
92, 2, -10.820672
94, 2, -24.164208
96, 2, -21.252054
98, 2, -9.468291
100, 2, -9.076442
102, 2, -23.786995
104, 2, -6.017749
106, 2, -21.274026
108, 2, -5.235628
110, 2, -6.714565
112, 2, -19.326817
114, 2, -24.655584
116, 2, -16.610349
118, 2, -6.018612
120, 2, -18.027917
122, 2, -11.624078
124, 2, -8.924907
126, 2, -7.152067
128, 2, -15.691722
130, 2, -5.111455
132, 2, -6.366049
134, 2, -10.544068
136, 2, -24.687178
138, 2, -12.774631
140, 2, -16.807546
142, 2, -16.732410
144, 2, -11.686499
146, 2, -17.824417
148, 2, -8.110288
150, 2, -18.221081
152, 2, -19.376156
154, 2, -10.258474
156, 2, -14.088138
158, 2, -21.670923
160, 2, -15.403527
162, 2, -21.748766
164, 2, -18.890313
166, 2, -8.941042
168, 2, -5.928403
170, 2, -21.677458
172, 2, -6.893618
174, 2, -14.514248
176, 2, -8.272375
178, 2, -11.480731
180, 2, -6.963195
182, 2, -24.799995
184, 2, -22.878622
186, 2, -12.479548
188, 2, -5.587505
190, 2, -11.596195
192, 2, -12.966682
194, 2, -22.418997
196, 2, -15.132817
198, 2, -11.387209
200, 2, -19.138151
202, 2, -13.880684
204, 2, -24.933021
206, 2, -9.350462
208, 2, -12.185688
210, 2, -23.875763
212, 2, -17.287976
214, 2, -18.274962
216, 2, -14.459716
218, 2, -13.808785
220, 2, -13.590098
222, 2, -7.125014
224, 2, -15.789665
226, 2, -22.440653
228, 2, -21.325677
230, 2, -14.255064
232, 2, -15.301935
234, 2, -14.129143
236, 2, -8.888764
238, 2, -22.212970
240, 2, -5.348809
242, 2, -11.841172
244, 2, -10.283973
246, 2, -7.943784
248, 2, -24.009561
250, 2, -11.374505
252, 2, -21.836673
254, 2, -18.170201
256, 2, -11.692724
258, 2, -5.732523
260, 2, -15.117589
262, 2, -17.185217
264, 2, -18.307288
266, 2, -6.744386
268, 2, -8.427268
270, 2, -24.894123
272, 2, -16.440875
274, 2, -24.655806
276, 2, -9.713113
278, 2, -16.962963
280, 2, -23.451600
282, 2, -7.340353
284, 2, -12.886762
286, 2, -20.832723
288, 2, -23.118382
290, 2, -8.542342
292, 2, -7.297482
294, 2, -5.616930
296, 2, -11.374777
298, 2, -22.190145
300, 2, -11.692197
302, 2, -14.514683
304, 2, -23.881077
306, 2, -5.673049
308, 2, -17.635447
310, 2, -21.258938
312, 2, -15.178376
314, 2, -24.416728
316, 2, -22.364339
318, 2, -9.775921
320, 2, -11.884486
322, 2, -5.929637
324, 2, -16.354930
326, 2, -16.695587
328, 2, -5.661043
330, 2, -21.736775
332, 2, -18.175172
334, 2, -23.451831
336, 2, -23.744477
338, 2, -5.437004
340, 2, -6.776974
342, 2, -8.733003
344, 2, -23.067656
346, 2, -22.199112
348, 2, -16.123563
350, 2, -9.859506
352, 2, -22.618512
354, 2, -17.907961
356, 2, -11.079607
358, 2, -14.376241
360, 2, -11.688838
362, 2, -12.255386
364, 2, -20.158789
366, 2, -5.705067
368, 2, -22.986052
370, 2, -8.978155
372, 2, -24.532736
374, 2, -6.537772
376, 2, -9.360972
378, 2, -7.810990
380, 2, -12.788874
382, 2, -19.241419
384, 2, -5.652932
386, 2, -17.995263
388, 2, -14.821920
390, 2, -24.370219
392, 2, -23.673570
394, 2, -10.935878
396, 2, -8.970547
398, 2, -9.384361
400, 2, -24.609102
402, 2, -5.482951
404, 2, -12.882906
406, 2, -9.937371
408, 2, -6.194593
410, 2, -10.574473
412, 2, -6.770587
414, 2, -5.640779
416, 2, -23.558788
418, 2, -7.758948
420, 2, -19.848911
422, 2, -18.436144
424, 2, -23.518003
426, 2, -9.186439
428, 2, -15.574662
430, 2, -9.057557
432, 2, -6.364290
434, 2, -21.364287
436, 2, -14.022517
438, 2, -21.251114
440, 2, -13.816662
442, 2, -11.652162
444, 2, -24.081248
446, 2, -24.424153
448, 2, -13.419182
450, 2, -24.873464
452, 2, -12.629011
454, 2, -22.321054
456, 2, -8.135664
458, 2, -11.994127
460, 2, -13.274244
462, 2, -19.361644
464, 2, -16.267935
466, 2, -12.001620
468, 2, -10.821817
470, 2, -14.691102
472, 2, -22.220540
474, 2, -22.804450
476, 2, -15.671953
478, 2, -24.250210
480, 2, -23.129436
482, 2, -12.479651
484, 2, -8.204559
486, 2, -24.144339
488, 2, -16.906448
490, 2, -12.108875
492, 2, -7.289899
494, 2, -24.136789
496, 2, -5.135406
498, 2, -17.967413
500, 2, -8.824588
502, 2, -19.603582
504, 2, -13.278268
506, 2, -10.570055
508, 2, -8.192560
510, 2, -12.411289
512, 2, -6.598697
514, 2, -7.933601
516, 2, -21.442766
518, 2, -14.329921
520, 2, -23.294733
522, 2, -8.505822
524, 2, -20.642836
526, 2, -5.987536
528, 2, -10.163616
530, 2, -19.437661
532, 2, -10.866324
534, 2, -13.179202
536, 2, -10.735227
538, 2, -7.829053
540, 2, -23.992784
542, 2, -13.425269
544, 2, -23.008507
546, 2, -20.579182
548, 2, -23.439393
550, 2, -16.206121
552, 2, -20.575947
554, 2, -6.114908
556, 2, -19.849186
558, 2, -10.831303
560, 2, -5.497858
562, 2, -5.418009
564, 2, -10.595106
566, 2, -15.642552
568, 2, -20.026437
570, 2, -8.073650
572, 2, -24.132474
574, 2, -8.604543
576, 2, -12.974838
578, 2, -15.832891
580, 2, -8.118278
582, 2, -23.531929
584, 2, -8.882115
586, 2, -14.998164
588, 2, -8.637052
590, 2, -13.021319
592, 2, -18.567183
594, 2, -6.257319
596, 2, -24.917727
598, 2, -10.958568
600, 2, -18.526206
602, 2, -22.114788
604, 2, -8.759639
606, 2, -22.177466
608, 2, -18.989061
610, 2, -5.190504
612, 2, -24.860017
614, 2, -10.411019
616, 2, -21.452124
618, 2, -18.984920
620, 2, -21.179059
622, 2, -10.573318
624, 2, -6.698599
626, 2, -5.448196
628, 2, -9.028610
630, 2, -11.533679
632, 2, -13.652317
634, 2, -16.911898
636, 2, -6.319405
638, 2, -21.722942
640, 2, -12.932229
642, 2, -20.556428
644, 2, -5.961253
646, 2, -6.206975
648, 2, -7.448957
650, 2, -8.944713
652, 2, -11.388342
654, 2, -19.514006
656, 2, -16.041866
658, 2, -13.706488
660, 2, -11.267862
662, 2, -5.489529
664, 2, -23.381969
666, 2, -8.904548
668, 2, -18.273340
670, 2, -7.963454
672, 2, -9.462980
674, 2, -9.059429
676, 2, -20.550675
678, 2, -12.128970
680, 2, -18.097992
682, 2, -5.937352
684, 2, -5.881946
686, 2, -5.763478
688, 2, -16.745457
690, 2, -18.311647
692, 2, -24.391388
694, 2, -9.008048
696, 2, -11.670583
698, 2, -16.028895
700, 2, -18.725196
702, 2, -22.379903
704, 2, -7.480270
706, 2, -7.876282
708, 2, -6.649933
710, 2, -15.915405
712, 2, -9.154593
714, 2, -9.646828
716, 2, -16.264170
718, 2, -20.516342
720, 2, -7.472894
722, 2, -9.354659
724, 2, -21.667431
726, 2, -11.817852
728, 2, -10.414832
730, 2, -22.817656
732, 2, -22.916612
734, 2, -22.315183
736, 2, -15.546654
738, 2, -14.232696
740, 2, -15.941652
742, 2, -21.116053
744, 2, -10.532010
746, 2, -7.634019
748, 2, -20.153749
750, 2, -7.339832
752, 2, -20.388495
754, 2, -23.283960
756, 2, -24.493121
758, 2, -16.240789
760, 2, -10.403081
762, 2, -17.356673
764, 2, -14.321742
766, 2, -7.635538
768, 2, -13.346194
770, 2, -18.876651
772, 2, -22.856906
774, 2, -5.782437
776, 2, -24.855719
778, 2, -24.326544
780, 2, -19.055269
782, 2, -18.169463
784, 2, -16.761244
786, 2, -24.745415
788, 2, -21.485108
790, 2, -10.698047
792, 2, -10.661009
794, 2, -22.300345
796, 2, -14.945928
798, 2, -12.928275
800, 2, -16.874141
802, 2, -17.822143
804, 2, -14.172609
806, 2, -14.129738
808, 2, -23.243541
810, 2, -16.046067
812, 2, -16.295156
814, 2, -10.870185
816, 2, -7.898516
818, 2, -11.420577
820, 2, -17.191305
822, 2, -19.384073
824, 2, -22.879303
826, 2, -11.137533
828, 2, -23.180971
830, 2, -16.043089
832, 2, -7.398836
834, 2, -5.915012
836, 2, -5.850025
838, 2, -5.760631
840, 2, -10.541248
842, 2, -24.021152
844, 2, -15.187186
846, 2, -21.429776
848, 2, -20.805319
850, 2, -17.931343
852, 2, -8.141041
854, 2, -13.168304
856, 2, -19.105411
858, 2, -13.932092
860, 2, -10.032897
862, 2, -5.892899
864, 2, -24.172203
866, 2, -19.565972
868, 2, -21.057124
870, 2, -14.430989
872, 2, -20.855374
874, 2, -6.919769
876, 2, -13.339265
878, 2, -6.681885
880, 2, -20.409639
882, 2, -10.176278
884, 2, -17.494833
886, 2, -7.902305
888, 2, -10.032301
890, 2, -16.525622
892, 2, -5.168727
894, 2, -5.923124
896, 2, -23.483374
898, 2, -19.154853
900, 2, -13.242599
902, 2, -21.053550
904, 2, -20.967546
906, 2, -22.062782
908, 2, -19.981299
910, 2, -22.277014
912, 2, -11.546366
914, 2, -12.966314
916, 2, -9.891607
918, 2, -14.456832
920, 2, -20.942369
922, 2, -7.649861
924, 2, -20.812412
926, 2, -22.631722
928, 2, -6.791980
930, 2, -6.493296
932, 2, -14.079588
934, 2, -15.279000
936, 2, -22.420681
938, 2, -10.690152
940, 2, -19.889538
942, 2, -24.380925
944, 2, -22.135469
946, 2, -18.999512
948, 2, -9.556115
950, 2, -5.898264
952, 2, -11.702416
954, 2, -23.169579
956, 2, -19.279635
958, 2, -24.379007
960, 2, -5.361887
962, 2, -11.609297
964, 2, -15.162259
966, 2, -14.789597
968, 2, -16.383287
970, 2, -24.136122
972, 2, -23.803647
974, 2, -5.260239
976, 2, -15.904565
978, 2, -8.822739
980, 2, -14.721484
982, 2, -5.418271
984, 2, -18.380640
986, 2, -5.921821
988, 2, -8.611543
990, 2, -12.077756
992, 2, -22.541890
994, 2, -9.848734
996, 2, -22.946979
998, 2, -22.582503
1000, 2, -19.109596
0, 0, 0
